#=====================================================
# File created:        Sat-01-Nov-2025-at-08-45-19AM
# Size of lattice:     500x500
# Number of MC steps:  50
# Reduced temperature: 0.500
# Run time (s):        1.858639
#=====================================================
# MC step:  Ratio:     Energy:   Order:
#=====================================================
   00000    0.5000 -249257.5558  0.2517
   00001    0.6228 -471382.7139  0.2549
   00002    0.5803 -530348.9992  0.2548
   00003    0.5511 -574969.2596  0.2554
   00004    0.5298 -609454.8932  0.2562
   00005    0.5123 -637402.7116  0.2570
   00006    0.4991 -659913.0854  0.2582
   00007    0.4898 -678790.7604  0.2588
   00008    0.4809 -694022.8570  0.2585
   00009    0.4738 -707017.9825  0.2592
   00010    0.4677 -718217.9797  0.2592
   00011    0.4655 -728292.2904  0.2596
   00012    0.4595 -736116.4835  0.2589
   00013    0.4573 -743776.7064  0.2600
   00014    0.4533 -749708.3168  0.2618
   00015    0.4502 -755894.0813  0.2628
   00016    0.4479 -761489.5526  0.2635
   00017    0.4463 -766154.8174  0.2640
   00018    0.4448 -770776.3664  0.2650
   00019    0.4429 -773679.4938  0.2651
   00020    0.4419 -777159.2209  0.2658
   00021    0.4396 -780353.7483  0.2662
   00022    0.4378 -783139.9679  0.2660
   00023    0.4373 -785921.7636  0.2665
   00024    0.4363 -788341.0387  0.2674
   00025    0.4353 -790401.5688  0.2677
   00026    0.4328 -792870.9101  0.2686
   00027    0.4328 -794845.3477  0.2694
   00028    0.4322 -796038.7507  0.2702
   00029    0.4312 -798329.9387  0.2712
   00030    0.4320 -799397.5942  0.2712
   00031    0.4316 -800934.4291  0.2706
   00032    0.4300 -802727.9147  0.2710
   00033    0.4305 -804249.7750  0.2711
   00034    0.4279 -805921.9818  0.2715
   00035    0.4263 -806854.6420  0.2713
   00036    0.4280 -808049.5392  0.2715
   00037    0.4279 -808468.2655  0.2716
   00038    0.4282 -809446.8534  0.2718
   00039    0.4273 -809874.0172  0.2725
   00040    0.4291 -810554.0472  0.2727
   00041    0.4266 -811806.1299  0.2732
   00042    0.4271 -812457.4265  0.2734
   00043    0.4273 -813270.9090  0.2730
   00044    0.4241 -814076.2561  0.2734
   00045    0.4258 -814689.0180  0.2739
   00046    0.4239 -815358.8112  0.2728
   00047    0.4245 -816145.3762  0.2735
   00048    0.4243 -816707.2168  0.2740
   00049    0.4248 -817482.6880  0.2736
   00050    0.4223 -817343.2747  0.2734
