#=====================================================
# File created:        Sat-01-Nov-2025-at-08-38-13AM
# Size of lattice:     512x512
# Number of MC steps:  50
# Reduced temperature: 0.500
# Run time (s):        207.118442
#=====================================================
# MC step:  Ratio:     Energy:   Order:
#=====================================================
   00000    0.5000 -263044.0304  0.2510 
   00001    0.6776 -389988.2836  0.2505 
   00002    0.6230 -472768.7316  0.2506 
   00003    0.5826 -531558.4822  0.2511 
   00004    0.5572 -576614.9357  0.2526 
   00005    0.5378 -613004.4853  0.2544 
   00006    0.5230 -642569.1376  0.2549 
   00007    0.5092 -665750.0713  0.2541 
   00008    0.4983 -685618.4315  0.2534 
   00009    0.4910 -702690.8977  0.2533 
   00010    0.4836 -717856.6530  0.2531 
   00011    0.4757 -730860.5823  0.2523 
   00012    0.4717 -742102.2617  0.2527 
   00013    0.4664 -752082.7083  0.2534 
   00014    0.4645 -761621.1495  0.2533 
   00015    0.4613 -769078.9601  0.2530 
   00016    0.4573 -775630.0331  0.2534 
   00017    0.4543 -781878.2109  0.2542 
   00018    0.4534 -787879.4880  0.2544 
   00019    0.4505 -792349.1292  0.2547 
   00020    0.4469 -797150.4432  0.2548 
   00021    0.4448 -800787.9129  0.2547 
   00022    0.4459 -804980.1794  0.2551 
   00023    0.4448 -808731.7323  0.2547 
   00024    0.4408 -811726.0352  0.2543 
   00025    0.4413 -814656.7487  0.2542 
   00026    0.4404 -817407.6847  0.2545 
   00027    0.4379 -819829.6073  0.2544 
   00028    0.4378 -822297.0368  0.2545 
   00029    0.4364 -824357.8665  0.2547 
   00030    0.4360 -826474.0688  0.2553 
   00031    0.4368 -828652.2280  0.2554 
   00032    0.4337 -830817.1489  0.2557 
   00033    0.4343 -832516.2021  0.2555 
   00034    0.4323 -834304.3026  0.2561 
   00035    0.4327 -835990.8638  0.2566 
   00036    0.4314 -837280.4849  0.2563 
   00037    0.4301 -838120.6481  0.2569 
   00038    0.4312 -839492.8226  0.2572 
   00039    0.4289 -841098.6586  0.2571 
   00040    0.4312 -842115.2681  0.2578 
   00041    0.4290 -843218.8163  0.2576 
   00042    0.4326 -844347.6474  0.2585 
   00043    0.4273 -845477.0114  0.2586 
   00044    0.4269 -846677.9352  0.2583 
   00045    0.4275 -847554.7369  0.2591 
   00046    0.4260 -848481.8195  0.2583 
   00047    0.4271 -849576.9404  0.2590 
   00048    0.4255 -850591.2366  0.2592 
   00049    0.4270 -851157.5795  0.2594 
   00050    0.4262 -851428.1553  0.2591 
