#=====================================================
# File created:        Sat-01-Nov-2025-at-08-34-21AM
# Size of lattice:     250x250
# Number of MC steps:  50
# Reduced temperature: 0.500
# Run time (s):        47.097632
#=====================================================
# MC step:  Ratio:     Energy:   Order:
#=====================================================
   00000    0.5000  -62470.2743  0.2529 
   00001    0.6807  -93119.5100  0.2530 
   00002    0.6220 -112919.3824  0.2551 
   00003    0.5865 -127028.0611  0.2568 
   00004    0.5561 -137988.5934  0.2540 
   00005    0.5381 -146504.3559  0.2546 
   00006    0.5160 -153163.7361  0.2552 
   00007    0.5083 -158919.1670  0.2550 
   00008    0.4970 -163672.9563  0.2540 
   00009    0.4913 -167857.3196  0.2544 
   00010    0.4819 -171237.7608  0.2559 
   00011    0.4771 -174686.7459  0.2571 
   00012    0.4700 -177199.0498  0.2573 
   00013    0.4671 -179667.4029  0.2583 
   00014    0.4637 -181878.5835  0.2575 
   00015    0.4620 -183575.5624  0.2568 
   00016    0.4583 -185310.9383  0.2569 
   00017    0.4570 -186520.7549  0.2588 
   00018    0.4516 -188110.3849  0.2601 
   00019    0.4492 -189084.7342  0.2611 
   00020    0.4483 -190316.0544  0.2617 
   00021    0.4456 -191359.3461  0.2631 
   00022    0.4396 -192231.2891  0.2633 
   00023    0.4438 -193125.1828  0.2628 
   00024    0.4406 -193667.3408  0.2611 
   00025    0.4381 -194177.3841  0.2618 
   00026    0.4374 -194732.2952  0.2620 
   00027    0.4380 -195331.9746  0.2630 
   00028    0.4379 -195896.9589  0.2622 
   00029    0.4400 -196578.4599  0.2622 
   00030    0.4387 -197033.5296  0.2627 
   00031    0.4367 -197497.4800  0.2603 
   00032    0.4355 -197978.8088  0.2602 
   00033    0.4334 -198493.5737  0.2617 
   00034    0.4360 -198780.9524  0.2635 
   00035    0.4323 -199199.7680  0.2636 
   00036    0.4348 -199438.5883  0.2646 
   00037    0.4300 -200018.4712  0.2643 
   00038    0.4316 -200198.6269  0.2649 
   00039    0.4279 -200478.7256  0.2657 
   00040    0.4290 -200942.5250  0.2666 
   00041    0.4275 -201091.4253  0.2661 
   00042    0.4302 -201432.6655  0.2662 
   00043    0.4278 -201730.3624  0.2673 
   00044    0.4260 -201865.7697  0.2676 
   00045    0.4294 -201964.3438  0.2667 
   00046    0.4282 -202130.9250  0.2678 
   00047    0.4271 -202279.6273  0.2677 
   00048    0.4277 -202226.6226  0.2678 
   00049    0.4284 -202583.3660  0.2668 
   00050    0.4272 -202926.4229  0.2673 
