#=====================================================
# File created:        Sat-01-Nov-2025-at-08-46-19AM
# Size of lattice:     250x250
# Number of MC steps:  50
# Reduced temperature: 0.500
# Run time (s):        0.513967
#=====================================================
# MC step:  Ratio:     Energy:   Order:
#=====================================================
   00000    0.5000  -31375.5709  0.2520
   00001    0.6205  -59212.9212  0.2563
   00002    0.5770  -66648.7355  0.2568
   00003    0.5477  -72393.7025  0.2573
   00004    0.5235  -76471.4610  0.2571
   00005    0.5125  -79577.2426  0.2600
   00006    0.5017  -82417.5020  0.2614
   00007    0.4859  -84826.6115  0.2600
   00008    0.4782  -86781.4402  0.2605
   00009    0.4749  -88314.9689  0.2612
   00010    0.4715  -89860.5820  0.2618
   00011    0.4619  -91078.4641  0.2623
   00012    0.4596  -92093.0300  0.2619
   00013    0.4545  -93080.3068  0.2623
   00014    0.4536  -93875.9595  0.2621
   00015    0.4506  -94701.0828  0.2605
   00016    0.4499  -95259.1485  0.2583
   00017    0.4455  -95926.8217  0.2585
   00018    0.4417  -96456.8448  0.2601
   00019    0.4440  -96873.3485  0.2615
   00020    0.4409  -97298.2014  0.2617
   00021    0.4381  -97736.2460  0.2634
   00022    0.4384  -98136.7718  0.2642
   00023    0.4332  -98490.6003  0.2642
   00024    0.4348  -98867.8672  0.2643
   00025    0.4363  -99011.6780  0.2642
   00026    0.4323  -99234.8528  0.2645
   00027    0.4306  -99605.4352  0.2643
   00028    0.4300  -99951.8370  0.2647
   00029    0.4313 -100080.4456  0.2656
   00030    0.4324 -100148.2208  0.2657
   00031    0.4283 -100371.3535  0.2652
   00032    0.4316 -100488.0379  0.2644
   00033    0.4271 -100627.8160  0.2654
   00034    0.4270 -100782.8279  0.2656
   00035    0.4288 -100900.6497  0.2651
   00036    0.4273 -101090.4107  0.2651
   00037    0.4244 -101279.8098  0.2642
   00038    0.4295 -101376.8284  0.2639
   00039    0.4254 -101400.3815  0.2634
   00040    0.4256 -101596.4424  0.2620
   00041    0.4263 -101677.7206  0.2622
   00042    0.4288 -101801.4158  0.2628
   00043    0.4246 -101837.7221  0.2638
   00044    0.4231 -101971.4689  0.2640
   00045    0.4252 -102013.5858  0.2660
   00046    0.4223 -102036.0980  0.2663
   00047    0.4224 -102179.2393  0.2665
   00048    0.4253 -102347.1677  0.2683
   00049    0.4259 -102436.8656  0.2688
   00050    0.4214 -102531.5274  0.2689
