#=====================================================
# File created:        Sat-01-Nov-2025-at-08-50-41AM
# Size of lattice:     500x500
# Number of MC steps:  50
# Reduced temperature: 0.500
# Run time (s):        67.458040
#=====================================================
# MC step:  Ratio:     Energy:   Order:
#=====================================================
   00000    0.5000 -250766.6208  0.2506 
   00001    0.5848 -457528.6563  0.2510 
   00002    0.5059 -489713.4754  0.2507 
   00003    0.4604 -506847.5998  0.2508 
   00004    0.4314 -516755.1231  0.2513 
   00005    0.4113 -522512.6882  0.2517 
   00006    0.3990 -525823.6211  0.2515 
   00007    0.3900 -528098.8171  0.2513 
   00008    0.3839 -529062.8066  0.2517 
   00009    0.3792 -529605.7846  0.2513 
   00010    0.3766 -529869.9506  0.2504 
   00011    0.3735 -530016.3810  0.2501 
   00012    0.3713 -530321.9704  0.2504 
   00013    0.3688 -530810.8347  0.2503 
   00014    0.3670 -530399.7604  0.2503 
   00015    0.3641 -530496.9150  0.2506 
   00016    0.3640 -529915.5920  0.2511 
   00017    0.3632 -529457.3394  0.2516 
   00018    0.3619 -529302.2936  0.2521 
   00019    0.3619 -528787.0128  0.2522 
   00020    0.3619 -528284.7463  0.2520 
   00021    0.3623 -528403.7001  0.2525 
   00022    0.3610 -528495.6825  0.2523 
   00023    0.3605 -528073.1754  0.2522 
   00024    0.3595 -528408.3593  0.2520 
   00025    0.3602 -528698.9196  0.2519 
   00026    0.3595 -528937.6936  0.2518 
   00027    0.3586 -529218.6820  0.2518 
   00028    0.3573 -529059.2867  0.2520 
   00029    0.3557 -529102.0521  0.2517 
   00030    0.3556 -528875.9463  0.2521 
   00031    0.3562 -528252.6292  0.2523 
   00032    0.3563 -527902.2902  0.2526 
   00033    0.3578 -527331.7405  0.2524 
   00034    0.3581 -527252.4440  0.2528 
   00035    0.3582 -527125.6427  0.2531 
   00036    0.3589 -527149.6768  0.2539 
   00037    0.3587 -527608.1531  0.2542 
   00038    0.3583 -527660.3641  0.2551 
   00039    0.3576 -527926.1239  0.2557 
   00040    0.3568 -527605.6516  0.2558 
   00041    0.3558 -527256.8750  0.2562 
   00042    0.3567 -527033.3374  0.2565 
   00043    0.3573 -527114.4238  0.2571 
   00044    0.3572 -526815.2841  0.2578 
   00045    0.3565 -526796.3501  0.2575 
   00046    0.3575 -526838.5777  0.2572 
   00047    0.3576 -526794.1721  0.2567 
   00048    0.3566 -526622.7568  0.2556 
   00049    0.3570 -526816.3453  0.2548 
   00050    0.3570 -527112.8324  0.2544 
