#=====================================================
# File created:        Wed-29-Oct-2025-at-11-58-52AM
# Size of lattice:     500x500
# Number of MC steps:  500
# Reduced temperature: 0.500
# Run time (s):        14.689064
#=====================================================
# MC step:  Ratio:     Energy:   Order:
#=====================================================
   00000    0.5000 -124645.4718  0.2513
   00001    0.6243 -236652.5839  0.2513
   00002    0.5786 -266382.3971  0.2506
   00003    0.5497 -288398.1538  0.2504
   00004    0.5284 -305555.0367  0.2523
   00005    0.5104 -319426.7095  0.2522
   00006    0.4984 -330526.7278  0.2535
   00007    0.4885 -339970.1743  0.2542
   00008    0.4806 -347556.4659  0.2550
   00009    0.4752 -354132.3834  0.2551
   00010    0.4687 -359554.7693  0.2554
   00011    0.4637 -364487.6020  0.2557
   00012    0.4596 -368642.7249  0.2557
   00013    0.4574 -372235.4347  0.2550
   00014    0.4540 -375673.0065  0.2549
   00015    0.4494 -378495.2068  0.2542
   00016    0.4500 -381134.1594  0.2553
   00017    0.4458 -383497.1924  0.2554
   00018    0.4437 -385386.0793  0.2560
   00019    0.4416 -387066.9153  0.2566
   00020    0.4414 -388683.7249  0.2571
   00021    0.4386 -390330.6247  0.2578
   00022    0.4383 -392011.1152  0.2577
   00023    0.4382 -393239.8936  0.2582
   00024    0.4362 -394507.5561  0.2574
   00025    0.4354 -395586.0120  0.2578
   00026    0.4338 -396410.9512  0.2580
   00027    0.4332 -397135.7142  0.2586
   00028    0.4317 -398046.1685  0.2587
   00029    0.4343 -398754.8829  0.2586
   00030    0.4314 -399567.3267  0.2594
   00031    0.4313 -400768.1208  0.2599
   00032    0.4299 -401185.0808  0.2603
   00033    0.4296 -401668.3832  0.2604
   00034    0.4295 -402396.2084  0.2599
   00035    0.4277 -402913.5765  0.2598
   00036    0.4268 -403529.0003  0.2594
   00037    0.4292 -403949.1165  0.2591
   00038    0.4274 -404314.6790  0.2591
   00039    0.4279 -405111.2159  0.2594
   00040    0.4264 -405483.0731  0.2594
   00041    0.4253 -405959.4400  0.2595
   00042    0.4256 -406399.1024  0.2596
   00043    0.4239 -407045.1139  0.2598
   00044    0.4235 -407603.3178  0.2603
   00045    0.4243 -407836.4975  0.2606
   00046    0.4245 -408041.8154  0.2609
   00047    0.4232 -408364.3874  0.2608
   00048    0.4239 -408890.9026  0.2606
   00049    0.4240 -409138.8714  0.2607
   00050    0.4248 -409485.0887  0.2604
   00051    0.4232 -409899.3863  0.2611
   00052    0.4234 -410264.3099  0.2609
   00053    0.4231 -410398.8228  0.2610
   00054    0.4238 -410412.6353  0.2614
   00055    0.4216 -410532.9186  0.2618
   00056    0.4219 -410744.6411  0.2614
   00057    0.4205 -410732.8372  0.2620
   00058    0.4202 -411255.1118  0.2636
   00059    0.4215 -411628.8203  0.2638
   00060    0.4199 -411784.6564  0.2639
   00061    0.4194 -411734.3384  0.2642
   00062    0.4205 -412023.3616  0.2640
   00063    0.4208 -412388.2083  0.2647
   00064    0.4216 -412604.5823  0.2644
   00065    0.4190 -412591.7956  0.2637
   00066    0.4214 -412911.1382  0.2646
   00067    0.4218 -412938.3865  0.2645
   00068    0.4202 -412901.0943  0.2643
   00069    0.4196 -412883.1372  0.2651
   00070    0.4222 -412847.2881  0.2650
   00071    0.4222 -413441.0040  0.2643
   00072    0.4184 -413764.2870  0.2642
   00073    0.4222 -414144.5475  0.2646
   00074    0.4201 -414544.3026  0.2647
   00075    0.4203 -414491.0488  0.2651
   00076    0.4196 -414405.3566  0.2650
   00077    0.4209 -414598.1671  0.2647
   00078    0.4189 -414554.6905  0.2649
   00079    0.4180 -414843.6204  0.2651
   00080    0.4184 -415202.6639  0.2658
   00081    0.4189 -415160.0879  0.2653
   00082    0.4188 -415226.3689  0.2651
   00083    0.4189 -415459.3315  0.2648
   00084    0.4177 -415499.4078  0.2653
   00085    0.4187 -415503.1311  0.2660
   00086    0.4188 -415625.4957  0.2658
   00087    0.4203 -415988.7967  0.2662
   00088    0.4196 -416340.6577  0.2657
   00089    0.4178 -416423.8277  0.2655
   00090    0.4178 -416427.8349  0.2662
   00091    0.4183 -416767.5244  0.2664
   00092    0.4171 -417101.5279  0.2659
   00093    0.4167 -416913.0367  0.2658
   00094    0.4168 -416822.6773  0.2655
   00095    0.4154 -416968.0901  0.2651
   00096    0.4181 -416967.4879  0.2659
   00097    0.4175 -416828.9574  0.2661
   00098    0.4178 -416834.1236  0.2662
   00099    0.4176 -417256.5368  0.2660
   00100    0.4165 -417292.3141  0.2653
   00101    0.4171 -417210.2678  0.2662
   00102    0.4171 -417426.6883  0.2661
   00103    0.4177 -417382.2966  0.2654
   00104    0.4166 -417709.3406  0.2647
   00105    0.4182 -417536.8634  0.2647
   00106    0.4152 -417431.9945  0.2642
   00107    0.4168 -417745.6517  0.2642
   00108    0.4183 -417715.2896  0.2648
   00109    0.4163 -417988.5872  0.2642
   00110    0.4153 -417981.7402  0.2647
   00111    0.4170 -418158.7690  0.2647
   00112    0.4177 -418091.2900  0.2643
   00113    0.4163 -418246.1114  0.2647
   00114    0.4172 -418171.6404  0.2649
   00115    0.4174 -418489.6750  0.2655
   00116    0.4160 -418425.3839  0.2650
   00117    0.4171 -418346.5053  0.2643
   00118    0.4165 -418369.8122  0.2640
   00119    0.4159 -418441.5608  0.2640
   00120    0.4170 -418486.2059  0.2646
   00121    0.4149 -418380.8049  0.2649
   00122    0.4152 -418306.3707  0.2643
   00123    0.4157 -418314.3840  0.2650
   00124    0.4153 -418388.3329  0.2652
   00125    0.4166 -418614.8251  0.2648
   00126    0.4154 -418924.5179  0.2640
   00127    0.4171 -419011.9648  0.2641
   00128    0.4151 -419074.4518  0.2647
   00129    0.4151 -419092.8868  0.2655
   00130    0.4175 -419207.0996  0.2655
   00131    0.4182 -419082.7176  0.2656
   00132    0.4159 -419083.4497  0.2652
   00133    0.4167 -419126.9244  0.2658
   00134    0.4165 -419249.3877  0.2660
   00135    0.4157 -419151.8259  0.2664
   00136    0.4159 -419204.4197  0.2665
   00137    0.4159 -419281.8911  0.2662
   00138    0.4171 -419287.0339  0.2670
   00139    0.4162 -419287.2678  0.2671
   00140    0.4150 -419401.3350  0.2670
   00141    0.4166 -419570.8433  0.2675
   00142    0.4141 -419642.0599  0.2676
   00143    0.4144 -419897.1738  0.2678
   00144    0.4155 -419989.4902  0.2681
   00145    0.4145 -419787.5262  0.2683
   00146    0.4148 -419944.4532  0.2682
   00147    0.4145 -420001.2942  0.2681
   00148    0.4154 -419754.1433  0.2683
   00149    0.4160 -419943.1775  0.2681
   00150    0.4175 -419570.5558  0.2674
   00151    0.4161 -419746.8002  0.2669
   00152    0.4146 -419907.2383  0.2668
   00153    0.4164 -420232.0642  0.2663
   00154    0.4151 -420151.9372  0.2660
   00155    0.4139 -420263.7471  0.2662
   00156    0.4176 -420429.1346  0.2659
   00157    0.4139 -420401.2290  0.2660
   00158    0.4142 -420247.8181  0.2658
   00159    0.4156 -420053.3040  0.2661
   00160    0.4155 -420197.9178  0.2661
   00161    0.4138 -420501.7042  0.2657
   00162    0.4148 -420684.1977  0.2662
   00163    0.4165 -420525.4023  0.2663
   00164    0.4165 -420675.2840  0.2669
   00165    0.4146 -420694.7111  0.2667
   00166    0.4118 -420795.6635  0.2673
   00167    0.4155 -420925.0511  0.2674
   00168    0.4160 -420861.4542  0.2679
   00169    0.4149 -420953.1889  0.2684
   00170    0.4170 -421123.5228  0.2683
   00171    0.4147 -421140.0987  0.2681
   00172    0.4119 -421232.7354  0.2676
   00173    0.4149 -421113.5024  0.2676
   00174    0.4138 -421012.4432  0.2684
   00175    0.4148 -421040.7884  0.2680
   00176    0.4155 -421236.2413  0.2679
   00177    0.4147 -421342.1359  0.2678
   00178    0.4155 -421341.9979  0.2679
   00179    0.4143 -421302.1580  0.2684
   00180    0.4140 -421442.6354  0.2686
   00181    0.4158 -421239.1801  0.2680
   00182    0.4140 -421452.3427  0.2675
   00183    0.4139 -421632.4629  0.2683
   00184    0.4134 -421798.0995  0.2689
   00185    0.4126 -421484.3359  0.2701
   00186    0.4138 -421621.1251  0.2699
   00187    0.4150 -421705.5376  0.2697
   00188    0.4128 -421781.9777  0.2704
   00189    0.4152 -421814.9643  0.2701
   00190    0.4139 -421789.7770  0.2694
   00191    0.4138 -421874.1933  0.2690
   00192    0.4150 -421830.1399  0.2693
   00193    0.4141 -422145.4962  0.2694
   00194    0.4139 -421946.1050  0.2693
   00195    0.4132 -421894.0943  0.2696
   00196    0.4146 -421838.1958  0.2696
   00197    0.4131 -421832.5949  0.2697
   00198    0.4141 -421767.0047  0.2698
   00199    0.4150 -421702.4595  0.2704
   00200    0.4150 -421694.9800  0.2705
   00201    0.4151 -421654.2231  0.2710
   00202    0.4143 -421873.9783  0.2705
   00203    0.4133 -422063.7178  0.2699
   00204    0.4141 -421896.9898  0.2702
   00205    0.4152 -422295.7503  0.2694
   00206    0.4146 -422156.2305  0.2691
   00207    0.4150 -422194.3151  0.2691
   00208    0.4118 -421991.3041  0.2698
   00209    0.4148 -421959.5482  0.2698
   00210    0.4124 -422054.1907  0.2698
   00211    0.4152 -422042.5267  0.2697
   00212    0.4130 -422088.3193  0.2699
   00213    0.4125 -421993.6381  0.2704
   00214    0.4130 -422071.7397  0.2704
   00215    0.4143 -421986.5590  0.2706
   00216    0.4117 -421898.8935  0.2703
   00217    0.4158 -421966.2794  0.2710
   00218    0.4142 -422081.8483  0.2708
   00219    0.4141 -422140.3357  0.2709
   00220    0.4127 -422289.0402  0.2705
   00221    0.4140 -422294.9734  0.2702
   00222    0.4139 -422089.6066  0.2700
   00223    0.4140 -422363.1943  0.2702
   00224    0.4145 -422351.9544  0.2713
   00225    0.4128 -422195.3488  0.2709
   00226    0.4133 -422228.9613  0.2706
   00227    0.4138 -422153.4206  0.2703
   00228    0.4132 -422092.6513  0.2699
   00229    0.4123 -422353.4396  0.2705
   00230    0.4131 -422615.8019  0.2707
   00231    0.4143 -422679.8317  0.2704
   00232    0.4152 -422521.9702  0.2713
   00233    0.4144 -422556.7795  0.2704
   00234    0.4149 -422614.6684  0.2707
   00235    0.4138 -422540.3471  0.2704
   00236    0.4149 -422599.2286  0.2699
   00237    0.4142 -422513.4718  0.2701
   00238    0.4127 -422383.2741  0.2705
   00239    0.4152 -422656.3089  0.2704
   00240    0.4134 -422839.6670  0.2705
   00241    0.4128 -422720.7206  0.2711
   00242    0.4135 -422909.6196  0.2716
   00243    0.4146 -423171.5608  0.2714
   00244    0.4119 -423307.4159  0.2710
   00245    0.4125 -423157.2795  0.2711
   00246    0.4111 -423214.0639  0.2717
   00247    0.4139 -423167.9749  0.2717
   00248    0.4136 -423018.9086  0.2714
   00249    0.4142 -423076.7111  0.2718
   00250    0.4127 -422916.9164  0.2721
   00251    0.4131 -423087.9057  0.2722
   00252    0.4115 -422918.1779  0.2717
   00253    0.4141 -422900.6098  0.2724
   00254    0.4148 -423091.9293  0.2722
   00255    0.4120 -423020.7556  0.2726
   00256    0.4130 -422953.2397  0.2730
   00257    0.4146 -423122.3080  0.2721
   00258    0.4144 -423176.2735  0.2726
   00259    0.4137 -422964.7215  0.2720
   00260    0.4118 -423097.5698  0.2717
   00261    0.4122 -423024.9437  0.2720
   00262    0.4141 -423111.3961  0.2723
   00263    0.4120 -422977.6459  0.2724
   00264    0.4127 -422901.0023  0.2720
   00265    0.4129 -423166.5480  0.2713
   00266    0.4115 -423269.8935  0.2717
   00267    0.4132 -423156.0116  0.2719
   00268    0.4115 -423158.9008  0.2726
   00269    0.4132 -423176.9979  0.2720
   00270    0.4125 -423101.2168  0.2715
   00271    0.4130 -423153.0909  0.2712
   00272    0.4116 -423453.7869  0.2713
   00273    0.4132 -423449.9561  0.2718
   00274    0.4136 -423445.1086  0.2716
   00275    0.4137 -423223.5060  0.2710
   00276    0.4133 -423382.1090  0.2707
   00277    0.4120 -423170.2570  0.2710
   00278    0.4132 -423211.8620  0.2708
   00279    0.4117 -423226.3866  0.2705
   00280    0.4137 -423473.2851  0.2706
   00281    0.4128 -423375.4623  0.2710
   00282    0.4149 -423428.5397  0.2713
   00283    0.4135 -423365.8769  0.2713
   00284    0.4153 -423180.8978  0.2717
   00285    0.4118 -423411.4179  0.2715
   00286    0.4143 -423451.0181  0.2715
   00287    0.4131 -423269.6913  0.2705
   00288    0.4150 -423357.9226  0.2704
   00289    0.4131 -423536.1780  0.2701
   00290    0.4124 -423635.8307  0.2708
   00291    0.4134 -423802.3139  0.2708
   00292    0.4133 -423777.3986  0.2710
   00293    0.4117 -423687.5793  0.2712
   00294    0.4118 -423791.0631  0.2714
   00295    0.4129 -423533.5878  0.2709
   00296    0.4118 -423585.0832  0.2709
   00297    0.4137 -423603.5704  0.2711
   00298    0.4132 -423580.2025  0.2718
   00299    0.4135 -423605.7068  0.2721
   00300    0.4125 -423570.0038  0.2721
   00301    0.4130 -423745.0481  0.2725
   00302    0.4129 -423668.7830  0.2722
   00303    0.4151 -423687.7987  0.2723
   00304    0.4127 -423615.0792  0.2724
   00305    0.4141 -423832.2528  0.2722
   00306    0.4128 -423572.7763  0.2726
   00307    0.4125 -423474.5934  0.2734
   00308    0.4131 -423521.2444  0.2734
   00309    0.4131 -423770.6727  0.2730
   00310    0.4117 -423806.6333  0.2731
   00311    0.4131 -423487.9789  0.2729
   00312    0.4149 -423717.0007  0.2727
   00313    0.4130 -423804.4885  0.2729
   00314    0.4125 -424066.5296  0.2726
   00315    0.4114 -424105.2409  0.2724
   00316    0.4123 -424358.8179  0.2718
   00317    0.4112 -424276.3075  0.2712
   00318    0.4127 -424125.2137  0.2714
   00319    0.4109 -424070.6266  0.2716
   00320    0.4123 -424040.5092  0.2714
   00321    0.4138 -423868.6305  0.2716
   00322    0.4125 -424052.6537  0.2718
   00323    0.4127 -423933.4853  0.2722
   00324    0.4127 -423947.1247  0.2723
   00325    0.4129 -423947.6135  0.2728
   00326    0.4120 -424098.2128  0.2730
   00327    0.4121 -423878.6823  0.2737
   00328    0.4132 -424081.2574  0.2740
   00329    0.4138 -424213.1613  0.2743
   00330    0.4138 -424248.2737  0.2746
   00331    0.4115 -424105.3949  0.2742
   00332    0.4109 -424074.9539  0.2741
   00333    0.4130 -424411.2718  0.2732
   00334    0.4136 -424304.5753  0.2734
   00335    0.4110 -424429.6674  0.2739
   00336    0.4110 -424361.8569  0.2743
   00337    0.4127 -424062.1314  0.2747
   00338    0.4124 -424184.5409  0.2742
   00339    0.4132 -424419.4956  0.2748
   00340    0.4110 -424324.2035  0.2749
   00341    0.4130 -424285.0445  0.2752
   00342    0.4114 -424178.7614  0.2743
   00343    0.4113 -424219.5020  0.2744
   00344    0.4127 -424213.4819  0.2749
   00345    0.4128 -424213.4861  0.2746
   00346    0.4126 -424423.2928  0.2750
   00347    0.4115 -424308.0650  0.2756
   00348    0.4126 -424279.3389  0.2758
   00349    0.4122 -424256.9051  0.2757
   00350    0.4124 -424227.6567  0.2756
   00351    0.4115 -424223.2178  0.2746
   00352    0.4132 -424179.4565  0.2751
   00353    0.4117 -424181.4616  0.2753
   00354    0.4125 -424102.0846  0.2748
   00355    0.4107 -424029.0319  0.2740
   00356    0.4139 -424220.1334  0.2739
   00357    0.4129 -424183.0268  0.2739
   00358    0.4130 -424391.8675  0.2745
   00359    0.4128 -424334.8569  0.2740
   00360    0.4135 -424617.5388  0.2745
   00361    0.4124 -424407.9885  0.2746
   00362    0.4115 -424361.9666  0.2750
   00363    0.4127 -424357.0513  0.2753
   00364    0.4132 -424124.9131  0.2759
   00365    0.4120 -424245.4734  0.2759
   00366    0.4116 -424116.1819  0.2759
   00367    0.4132 -424183.3996  0.2759
   00368    0.4141 -424146.5114  0.2753
   00369    0.4090 -423965.1745  0.2753
   00370    0.4126 -424087.3363  0.2752
   00371    0.4134 -424258.4223  0.2762
   00372    0.4137 -423953.2930  0.2755
   00373    0.4130 -423920.8964  0.2753
   00374    0.4134 -424040.0190  0.2750
   00375    0.4121 -424214.3115  0.2752
   00376    0.4140 -424117.2977  0.2754
   00377    0.4130 -424203.6157  0.2750
   00378    0.4136 -424126.7862  0.2754
   00379    0.4130 -424128.4376  0.2759
   00380    0.4117 -424511.9727  0.2755
   00381    0.4134 -424694.0153  0.2751
   00382    0.4111 -424817.4026  0.2758
   00383    0.4133 -424857.5711  0.2758
   00384    0.4110 -424500.8833  0.2760
   00385    0.4109 -424459.8634  0.2763
   00386    0.4130 -424329.3969  0.2764
   00387    0.4129 -424264.6387  0.2765
   00388    0.4115 -424280.8560  0.2773
   00389    0.4128 -424504.9470  0.2776
   00390    0.4113 -424492.3108  0.2774
   00391    0.4111 -424809.4147  0.2769
   00392    0.4117 -424631.6638  0.2771
   00393    0.4112 -424887.7236  0.2765
   00394    0.4116 -424958.7401  0.2764
   00395    0.4129 -424830.7227  0.2762
   00396    0.4131 -424747.2522  0.2763
   00397    0.4108 -424605.5387  0.2764
   00398    0.4114 -424629.8346  0.2763
   00399    0.4116 -424659.1636  0.2767
   00400    0.4114 -424504.7535  0.2767
   00401    0.4131 -424672.2855  0.2766
   00402    0.4118 -424940.3486  0.2768
   00403    0.4112 -425049.1893  0.2769
   00404    0.4126 -424843.6029  0.2771
   00405    0.4118 -425024.3377  0.2769
   00406    0.4133 -425021.0860  0.2765
   00407    0.4123 -424915.2907  0.2771
   00408    0.4125 -424940.2484  0.2764
   00409    0.4116 -424803.9945  0.2762
   00410    0.4105 -424930.0717  0.2758
   00411    0.4114 -425054.3848  0.2755
   00412    0.4100 -425038.8050  0.2760
   00413    0.4127 -424887.6849  0.2758
   00414    0.4112 -424732.1472  0.2756
   00415    0.4104 -425041.0187  0.2751
   00416    0.4110 -424938.9784  0.2751
   00417    0.4109 -425052.6070  0.2751
   00418    0.4126 -425041.7405  0.2745
   00419    0.4097 -424947.2475  0.2745
   00420    0.4121 -425191.3731  0.2743
   00421    0.4145 -425258.0694  0.2746
   00422    0.4124 -425281.5396  0.2740
   00423    0.4119 -425430.3243  0.2738
   00424    0.4106 -425385.7431  0.2739
   00425    0.4124 -425025.3836  0.2736
   00426    0.4096 -424890.1710  0.2737
   00427    0.4123 -424693.9926  0.2733
   00428    0.4127 -424724.4899  0.2735
   00429    0.4135 -424854.0654  0.2731
   00430    0.4112 -424868.5062  0.2733
   00431    0.4125 -425207.6709  0.2727
   00432    0.4108 -425173.2902  0.2724
   00433    0.4111 -425155.2463  0.2725
   00434    0.4110 -425053.4549  0.2725
   00435    0.4112 -424800.2742  0.2723
   00436    0.4129 -424690.0715  0.2719
   00437    0.4125 -424787.1461  0.2724
   00438    0.4120 -424780.5707  0.2719
   00439    0.4137 -424911.0432  0.2720
   00440    0.4103 -424958.9289  0.2715
   00441    0.4121 -424911.1116  0.2721
   00442    0.4132 -425010.7851  0.2719
   00443    0.4116 -424860.1407  0.2718
   00444    0.4114 -424961.0599  0.2723
   00445    0.4122 -425510.9656  0.2719
   00446    0.4103 -425185.4594  0.2713
   00447    0.4115 -425112.0836  0.2709
   00448    0.4119 -425080.7685  0.2710
   00449    0.4125 -425053.2183  0.2704
   00450    0.4098 -425145.7084  0.2703
   00451    0.4104 -425258.4412  0.2704
   00452    0.4111 -425163.2463  0.2704
   00453    0.4107 -425178.7489  0.2697
   00454    0.4126 -425272.0078  0.2692
   00455    0.4113 -425245.6330  0.2696
   00456    0.4113 -425110.0182  0.2699
   00457    0.4123 -425180.9865  0.2701
   00458    0.4116 -425244.3080  0.2697
   00459    0.4108 -425280.6831  0.2704
   00460    0.4118 -425129.3424  0.2703
   00461    0.4113 -425277.3190  0.2702
   00462    0.4112 -425480.9898  0.2708
   00463    0.4113 -425434.0871  0.2709
   00464    0.4115 -425174.7995  0.2714
   00465    0.4117 -425228.7289  0.2712
   00466    0.4126 -425452.2860  0.2715
   00467    0.4107 -425576.9110  0.2715
   00468    0.4115 -425285.8641  0.2714
   00469    0.4101 -425302.8455  0.2715
   00470    0.4121 -425263.7636  0.2719
   00471    0.4105 -425159.4778  0.2725
   00472    0.4121 -425177.2907  0.2725
   00473    0.4111 -425151.9834  0.2719
   00474    0.4118 -425150.5574  0.2719
   00475    0.4106 -425166.7520  0.2716
   00476    0.4105 -425172.1828  0.2722
   00477    0.4121 -425554.7547  0.2725
   00478    0.4107 -425342.2022  0.2727
   00479    0.4113 -425395.7838  0.2724
   00480    0.4108 -425538.9864  0.2715
   00481    0.4120 -425520.5230  0.2713
   00482    0.4134 -425355.7141  0.2704
   00483    0.4121 -425271.7297  0.2701
   00484    0.4123 -425364.9923  0.2700
   00485    0.4110 -425179.2316  0.2703
   00486    0.4114 -425201.1196  0.2704
   00487    0.4117 -424985.7763  0.2709
   00488    0.4121 -424724.0531  0.2710
   00489    0.4111 -424970.8538  0.2706
   00490    0.4123 -425136.4493  0.2709
   00491    0.4122 -425230.8158  0.2707
   00492    0.4106 -425303.4006  0.2702
   00493    0.4122 -425129.5840  0.2699
   00494    0.4114 -425254.8447  0.2700
   00495    0.4113 -425059.1700  0.2710
   00496    0.4108 -425078.4107  0.2713
   00497    0.4123 -425028.9031  0.2708
   00498    0.4122 -425065.7441  0.2706
   00499    0.4136 -425045.9302  0.2713
   00500    0.4115 -425254.4230  0.2709
