#=====================================================
# File created:        Wed-29-Oct-2025-at-11-53-08AM
# Size of lattice:     500x500
# Number of MC steps:  500
# Reduced temperature: 0.500
# Run time (s):        1079.514523
#=====================================================
# MC step:  Ratio:     Energy:   Order:
#=====================================================
   00000    0.5000 -249910.4503  0.2508
   00001    0.6790 -371594.5373  0.2508
   00002    0.6226 -451491.7890  0.2508
   00003    0.5842 -507396.7645  0.2503
   00004    0.5582 -550675.1345  0.2510
   00005    0.5375 -584961.5867  0.2520
   00006    0.5225 -612358.3674  0.2531
   00007    0.5093 -635368.2725  0.2532
   00008    0.4981 -654605.6102  0.2532
   00009    0.4901 -670746.5568  0.2533
   00010    0.4832 -685211.1944  0.2528
   00011    0.4762 -697633.5951  0.2535
   00012    0.4708 -708094.2944  0.2529
   00013    0.4689 -717874.8540  0.2532
   00014    0.4648 -726679.3787  0.2527
   00015    0.4580 -734027.8731  0.2532
   00016    0.4559 -740268.3771  0.2538
   00017    0.4543 -746149.4915  0.2536
   00018    0.4506 -750506.4775  0.2536
   00019    0.4519 -754985.6620  0.2541
   00020    0.4490 -759290.4031  0.2547
   00021    0.4464 -763439.0882  0.2551
   00022    0.4459 -767050.1181  0.2549
   00023    0.4432 -770821.3925  0.2542
   00024    0.4431 -773929.8242  0.2542
   00025    0.4401 -776375.5673  0.2536
   00026    0.4409 -779011.0204  0.2537
   00027    0.4388 -781138.7721  0.2536
   00028    0.4396 -783470.8788  0.2532
   00029    0.4363 -785665.3543  0.2529
   00030    0.4357 -787696.0281  0.2534
   00031    0.4349 -789522.1981  0.2534
   00032    0.4344 -791402.6067  0.2537
   00033    0.4334 -793300.5587  0.2542
   00034    0.4331 -794437.2177  0.2540
   00035    0.4312 -795544.5427  0.2534
   00036    0.4327 -797437.8950  0.2523
   00037    0.4319 -798542.7194  0.2529
   00038    0.4311 -800269.1633  0.2525
   00039    0.4313 -800759.6174  0.2526
   00040    0.4297 -802491.8940  0.2532
   00041    0.4291 -803232.9069  0.2531
   00042    0.4272 -804578.2401  0.2526
   00043    0.4296 -805540.4872  0.2532
   00044    0.4287 -807191.1771  0.2529
   00045    0.4270 -807987.4272  0.2530
   00046    0.4273 -808592.2609  0.2528
   00047    0.4274 -809580.5425  0.2533
   00048    0.4271 -809801.3327  0.2539
   00049    0.4259 -810909.3670  0.2535
   00050    0.4246 -811781.2855  0.2535
   00051    0.4249 -812308.1262  0.2535
   00052    0.4274 -812999.7033  0.2538
   00053    0.4258 -813227.9126  0.2542
   00054    0.4262 -813797.8486  0.2553
   00055    0.4253 -814361.8860  0.2556
   00056    0.4254 -815363.1300  0.2562
   00057    0.4255 -816079.2078  0.2570
   00058    0.4250 -816814.8191  0.2572
   00059    0.4252 -817026.8589  0.2573
   00060    0.4255 -817524.5833  0.2568
   00061    0.4225 -817938.7942  0.2575
   00062    0.4235 -818393.2186  0.2568
   00063    0.4244 -818401.6076  0.2566
   00064    0.4255 -818954.4618  0.2565
   00065    0.4229 -819417.9313  0.2564
   00066    0.4248 -820318.4071  0.2562
   00067    0.4206 -821063.8969  0.2564
   00068    0.4227 -821382.6893  0.2565
   00069    0.4240 -821482.2178  0.2565
   00070    0.4215 -822512.5394  0.2574
   00071    0.4221 -822929.5607  0.2575
   00072    0.4198 -822976.0579  0.2577
   00073    0.4221 -823500.5713  0.2569
   00074    0.4223 -823946.2826  0.2565
   00075    0.4194 -824536.5976  0.2561
   00076    0.4226 -824748.6832  0.2564
   00077    0.4219 -825336.8610  0.2568
   00078    0.4196 -825391.0312  0.2565
   00079    0.4210 -825865.7076  0.2571
   00080    0.4199 -825945.0853  0.2581
   00081    0.4188 -825756.0720  0.2580
   00082    0.4207 -826078.6783  0.2580
   00083    0.4202 -827254.9225  0.2579
   00084    0.4207 -827367.8997  0.2585
   00085    0.4205 -827497.2875  0.2592
   00086    0.4202 -827897.3772  0.2591
   00087    0.4216 -828063.3935  0.2597
   00088    0.4205 -828710.2262  0.2606
   00089    0.4203 -828291.1826  0.2606
   00090    0.4198 -827961.2835  0.2600
   00091    0.4202 -828550.2179  0.2599
   00092    0.4188 -828762.9841  0.2600
   00093    0.4188 -829014.6810  0.2596
   00094    0.4188 -829543.2988  0.2596
   00095    0.4188 -829656.7213  0.2597
   00096    0.4190 -829683.7591  0.2595
   00097    0.4193 -829806.3248  0.2595
   00098    0.4183 -829866.4124  0.2590
   00099    0.4184 -830199.1568  0.2594
   00100    0.4199 -830054.7405  0.2590
   00101    0.4182 -830534.6876  0.2588
   00102    0.4181 -830247.7076  0.2591
   00103    0.4200 -830617.3652  0.2591
   00104    0.4182 -830816.3200  0.2584
   00105    0.4215 -831112.9618  0.2579
   00106    0.4182 -831695.6244  0.2576
   00107    0.4201 -831835.5056  0.2580
   00108    0.4176 -831739.4842  0.2585
   00109    0.4186 -831857.6729  0.2588
   00110    0.4176 -832353.8934  0.2584
   00111    0.4201 -832158.9410  0.2586
   00112    0.4180 -832352.3111  0.2587
   00113    0.4186 -832688.7232  0.2588
   00114    0.4165 -833118.6582  0.2586
   00115    0.4179 -833122.6971  0.2586
   00116    0.4171 -833424.2848  0.2589
   00117    0.4167 -833626.2819  0.2586
   00118    0.4166 -833494.6129  0.2594
   00119    0.4179 -833732.6835  0.2593
   00120    0.4169 -833804.7595  0.2587
   00121    0.4153 -833468.2097  0.2591
   00122    0.4167 -833435.5932  0.2588
   00123    0.4179 -834232.9579  0.2585
   00124    0.4173 -834206.8434  0.2582
   00125    0.4184 -835057.4164  0.2580
   00126    0.4156 -835159.4624  0.2581
   00127    0.4178 -834738.8928  0.2578
   00128    0.4185 -835069.0906  0.2585
   00129    0.4168 -835413.6735  0.2585
   00130    0.4154 -835710.9959  0.2581
   00131    0.4155 -835472.8808  0.2587
   00132    0.4169 -836401.3003  0.2588
   00133    0.4172 -836486.3099  0.2588
   00134    0.4180 -836486.2389  0.2588
   00135    0.4172 -836119.4204  0.2583
   00136    0.4153 -835762.9274  0.2579
   00137    0.4180 -835812.7454  0.2580
   00138    0.4169 -835741.1652  0.2576
   00139    0.4166 -836450.9557  0.2574
   00140    0.4179 -837112.4578  0.2571
   00141    0.4157 -836808.9577  0.2572
   00142    0.4161 -836687.0686  0.2576
   00143    0.4174 -837078.1339  0.2576
   00144    0.4168 -837368.1266  0.2579
   00145    0.4159 -836938.7947  0.2576
   00146    0.4164 -837303.0532  0.2581
   00147    0.4149 -837499.1618  0.2589
   00148    0.4173 -836970.2456  0.2589
   00149    0.4164 -836749.6402  0.2590
   00150    0.4179 -836888.0809  0.2593
   00151    0.4170 -836709.5586  0.2594
   00152    0.4150 -837212.0083  0.2596
   00153    0.4162 -837421.6013  0.2599
   00154    0.4153 -837384.3798  0.2597
   00155    0.4162 -837677.1769  0.2597
   00156    0.4174 -838215.3964  0.2593
   00157    0.4178 -838228.3203  0.2590
   00158    0.4168 -838132.1110  0.2585
   00159    0.4168 -837993.3508  0.2593
   00160    0.4160 -837826.9036  0.2593
   00161    0.4160 -838413.0093  0.2592
   00162    0.4165 -838773.6459  0.2594
   00163    0.4156 -839022.8216  0.2593
   00164    0.4151 -838663.0658  0.2593
   00165    0.4161 -839108.9166  0.2590
   00166    0.4155 -839258.4630  0.2589
   00167    0.4160 -839726.5998  0.2592
   00168    0.4153 -839851.2670  0.2592
   00169    0.4136 -840088.4656  0.2590
   00170    0.4140 -839959.3402  0.2596
   00171    0.4153 -840098.8664  0.2596
   00172    0.4142 -840337.0063  0.2595
   00173    0.4162 -840146.3596  0.2588
   00174    0.4148 -840176.4496  0.2586
   00175    0.4159 -840268.5798  0.2584
   00176    0.4148 -840552.9954  0.2586
   00177    0.4147 -840767.3383  0.2581
   00178    0.4142 -840731.9703  0.2585
   00179    0.4159 -840146.3075  0.2581
   00180    0.4146 -840438.8763  0.2581
   00181    0.4170 -840210.4447  0.2578
   00182    0.4145 -840473.3278  0.2577
   00183    0.4130 -840649.5618  0.2577
   00184    0.4130 -840474.2982  0.2579
   00185    0.4152 -840603.3567  0.2574
   00186    0.4159 -840826.5398  0.2573
   00187    0.4153 -840356.1061  0.2573
   00188    0.4164 -840629.7602  0.2566
   00189    0.4155 -840382.5591  0.2573
   00190    0.4154 -840334.1604  0.2578
   00191    0.4156 -840081.4292  0.2572
   00192    0.4140 -839771.5262  0.2567
   00193    0.4150 -840363.8690  0.2566
   00194    0.4171 -840266.3652  0.2568
   00195    0.4149 -840271.8964  0.2566
   00196    0.4159 -840785.2019  0.2570
   00197    0.4159 -840880.6739  0.2568
   00198    0.4165 -841152.8181  0.2570
   00199    0.4145 -841504.2467  0.2574
   00200    0.4164 -841325.3735  0.2570
   00201    0.4148 -841221.4158  0.2568
   00202    0.4122 -841115.3200  0.2565
   00203    0.4157 -841480.5795  0.2566
   00204    0.4147 -841352.8330  0.2569
   00205    0.4140 -841160.4648  0.2565
   00206    0.4141 -841211.6654  0.2570
   00207    0.4148 -841245.1252  0.2570
   00208    0.4164 -840957.3137  0.2572
   00209    0.4139 -841259.3634  0.2573
   00210    0.4160 -841390.2346  0.2571
   00211    0.4132 -841459.9375  0.2566
   00212    0.4151 -842035.4370  0.2566
   00213    0.4140 -841904.2361  0.2566
   00214    0.4135 -841556.5170  0.2565
   00215    0.4144 -841408.9427  0.2567
   00216    0.4156 -841926.4185  0.2566
   00217    0.4156 -842182.7815  0.2568
   00218    0.4139 -842597.8556  0.2569
   00219    0.4146 -842288.0627  0.2574
   00220    0.4155 -842506.8987  0.2577
   00221    0.4141 -842131.7370  0.2581
   00222    0.4139 -842494.5887  0.2588
   00223    0.4161 -842568.1398  0.2588
   00224    0.4134 -842436.3262  0.2586
   00225    0.4143 -842320.4938  0.2578
   00226    0.4138 -842499.5260  0.2581
   00227    0.4152 -842877.5715  0.2587
   00228    0.4140 -843169.9723  0.2584
   00229    0.4127 -842951.9591  0.2580
   00230    0.4148 -842805.6056  0.2574
   00231    0.4154 -843166.7409  0.2574
   00232    0.4142 -843154.6005  0.2578
   00233    0.4141 -843118.0633  0.2579
   00234    0.4146 -842841.7467  0.2586
   00235    0.4134 -843217.5361  0.2580
   00236    0.4138 -843115.8549  0.2577
   00237    0.4143 -843423.8524  0.2577
   00238    0.4148 -843796.4017  0.2582
   00239    0.4139 -843518.1981  0.2579
   00240    0.4128 -843218.0521  0.2583
   00241    0.4152 -842866.0612  0.2583
   00242    0.4138 -842839.4784  0.2587
   00243    0.4152 -843157.0703  0.2589
   00244    0.4139 -842962.2796  0.2595
   00245    0.4147 -843315.3163  0.2594
   00246    0.4167 -843786.6056  0.2592
   00247    0.4135 -844062.2555  0.2596
   00248    0.4135 -844865.4915  0.2594
   00249    0.4147 -844629.3062  0.2592
   00250    0.4123 -844536.4485  0.2596
   00251    0.4132 -844550.0295  0.2602
   00252    0.4133 -844294.8382  0.2601
   00253    0.4125 -844108.0635  0.2604
   00254    0.4143 -844366.6271  0.2602
   00255    0.4126 -844112.1594  0.2605
   00256    0.4144 -843897.2187  0.2606
   00257    0.4133 -844113.1205  0.2604
   00258    0.4135 -843888.1657  0.2607
   00259    0.4151 -844151.2073  0.2613
   00260    0.4139 -844154.4150  0.2612
   00261    0.4126 -844173.6857  0.2611
   00262    0.4127 -844177.2903  0.2610
   00263    0.4134 -844675.7250  0.2606
   00264    0.4128 -844506.4575  0.2606
   00265    0.4157 -844515.3316  0.2607
   00266    0.4142 -844377.7643  0.2607
   00267    0.4145 -844545.3198  0.2614
   00268    0.4146 -844677.9380  0.2614
   00269    0.4109 -844933.2732  0.2616
   00270    0.4156 -845196.6410  0.2615
   00271    0.4134 -844963.0835  0.2615
   00272    0.4143 -844474.7792  0.2623
   00273    0.4133 -844304.1140  0.2621
   00274    0.4135 -844691.0454  0.2620
   00275    0.4136 -844473.8699  0.2618
   00276    0.4134 -844840.8746  0.2622
   00277    0.4139 -844466.5518  0.2625
   00278    0.4148 -844677.3154  0.2628
   00279    0.4132 -845075.6724  0.2632
   00280    0.4113 -845154.7129  0.2633
   00281    0.4144 -845024.1724  0.2634
   00282    0.4125 -845180.4773  0.2642
   00283    0.4131 -845483.6654  0.2644
   00284    0.4136 -844938.8586  0.2648
   00285    0.4151 -844947.7208  0.2650
   00286    0.4136 -844948.5807  0.2652
   00287    0.4146 -845020.6921  0.2652
   00288    0.4124 -845141.6268  0.2651
   00289    0.4099 -844973.2029  0.2650
   00290    0.4137 -845253.0944  0.2647
   00291    0.4124 -845609.9610  0.2648
   00292    0.4121 -845562.9386  0.2653
   00293    0.4129 -845582.5902  0.2653
   00294    0.4150 -845358.0737  0.2650
   00295    0.4141 -845044.0813  0.2651
   00296    0.4136 -845114.3336  0.2652
   00297    0.4136 -845054.0725  0.2653
   00298    0.4132 -845129.9427  0.2652
   00299    0.4143 -845228.6027  0.2650
   00300    0.4124 -845293.7954  0.2652
   00301    0.4130 -845685.7596  0.2659
   00302    0.4143 -844946.4157  0.2657
   00303    0.4153 -845084.1944  0.2655
   00304    0.4129 -845464.4603  0.2652
   00305    0.4124 -845432.2921  0.2649
   00306    0.4139 -845221.7935  0.2655
   00307    0.4128 -845735.2568  0.2653
   00308    0.4135 -845786.1553  0.2650
   00309    0.4140 -845346.6314  0.2657
   00310    0.4125 -845982.3933  0.2659
   00311    0.4126 -846212.9845  0.2658
   00312    0.4142 -846675.3181  0.2662
   00313    0.4116 -846665.6688  0.2664
   00314    0.4139 -846833.2586  0.2665
   00315    0.4129 -846405.4397  0.2664
   00316    0.4135 -846218.1421  0.2663
   00317    0.4114 -846349.0194  0.2665
   00318    0.4118 -846361.0535  0.2666
   00319    0.4140 -846186.1722  0.2667
   00320    0.4132 -846344.4900  0.2666
   00321    0.4148 -846783.4928  0.2673
   00322    0.4134 -846662.5567  0.2677
   00323    0.4107 -846893.5713  0.2675
   00324    0.4130 -847019.9919  0.2675
   00325    0.4117 -846779.4636  0.2677
   00326    0.4124 -846702.3601  0.2671
   00327    0.4127 -846357.0483  0.2667
   00328    0.4130 -846066.3726  0.2666
   00329    0.4128 -846197.1543  0.2668
   00330    0.4123 -846433.9188  0.2673
   00331    0.4133 -846203.5394  0.2671
   00332    0.4127 -846262.4894  0.2669
   00333    0.4130 -845969.9757  0.2669
   00334    0.4129 -846303.0420  0.2672
   00335    0.4111 -846528.2891  0.2669
   00336    0.4118 -846748.5278  0.2671
   00337    0.4131 -846381.1388  0.2668
   00338    0.4135 -846617.0731  0.2666
   00339    0.4134 -846666.9196  0.2668
   00340    0.4108 -846881.7373  0.2668
   00341    0.4144 -847147.3037  0.2666
   00342    0.4123 -847231.9656  0.2673
   00343    0.4132 -847161.6409  0.2681
   00344    0.4129 -847164.0212  0.2682
   00345    0.4116 -847091.3195  0.2682
   00346    0.4129 -847165.1431  0.2683
   00347    0.4136 -846700.3792  0.2685
   00348    0.4142 -846736.8380  0.2687
   00349    0.4133 -846550.1706  0.2684
   00350    0.4138 -846622.4163  0.2688
   00351    0.4121 -846802.5423  0.2686
   00352    0.4118 -847129.9844  0.2684
   00353    0.4148 -847347.4817  0.2692
   00354    0.4141 -847719.4988  0.2683
   00355    0.4135 -848063.6840  0.2682
   00356    0.4139 -847880.4043  0.2684
   00357    0.4129 -847487.7620  0.2679
   00358    0.4124 -847128.4754  0.2679
   00359    0.4128 -847018.5098  0.2683
   00360    0.4129 -846698.0173  0.2682
   00361    0.4139 -846987.9971  0.2686
   00362    0.4129 -846865.8902  0.2682
   00363    0.4133 -847642.9518  0.2683
   00364    0.4115 -847826.5143  0.2676
   00365    0.4117 -847861.5039  0.2676
   00366    0.4137 -847228.3056  0.2679
   00367    0.4142 -847597.3873  0.2680
   00368    0.4145 -847797.5366  0.2679
   00369    0.4130 -847514.3278  0.2677
   00370    0.4138 -847628.0006  0.2674
   00371    0.4120 -847651.3516  0.2674
   00372    0.4124 -847277.9889  0.2675
   00373    0.4121 -847775.5427  0.2683
   00374    0.4129 -848274.7308  0.2685
   00375    0.4116 -848057.3669  0.2684
   00376    0.4115 -848417.1551  0.2682
   00377    0.4133 -848039.5215  0.2679
   00378    0.4126 -848065.7707  0.2682
   00379    0.4121 -848092.1962  0.2680
   00380    0.4131 -847978.2818  0.2683
   00381    0.4139 -847744.9004  0.2684
   00382    0.4116 -847791.9699  0.2685
   00383    0.4121 -848070.4998  0.2689
   00384    0.4110 -848291.7798  0.2686
   00385    0.4132 -848463.9796  0.2680
   00386    0.4109 -848514.3021  0.2684
   00387    0.4129 -848674.7060  0.2679
   00388    0.4108 -848357.9373  0.2679
   00389    0.4110 -847931.5240  0.2680
   00390    0.4139 -847954.8009  0.2683
   00391    0.4128 -848004.4575  0.2676
   00392    0.4113 -848000.8540  0.2678
   00393    0.4123 -848097.2775  0.2674
   00394    0.4125 -847947.4566  0.2671
   00395    0.4130 -848158.8862  0.2672
   00396    0.4112 -848591.7473  0.2674
   00397    0.4122 -848452.1770  0.2667
   00398    0.4109 -848341.8856  0.2665
   00399    0.4124 -848545.1411  0.2666
   00400    0.4109 -848471.8826  0.2669
   00401    0.4115 -848136.7262  0.2670
   00402    0.4130 -848292.3475  0.2673
   00403    0.4128 -848546.6832  0.2670
   00404    0.4134 -848555.5025  0.2670
   00405    0.4123 -848676.3043  0.2671
   00406    0.4112 -848574.5430  0.2664
   00407    0.4121 -848849.5444  0.2664
   00408    0.4110 -848991.3072  0.2667
   00409    0.4125 -848955.4541  0.2669
   00410    0.4102 -849115.3443  0.2662
   00411    0.4131 -848718.2800  0.2656
   00412    0.4126 -848823.6817  0.2654
   00413    0.4110 -848470.9356  0.2657
   00414    0.4124 -848646.6965  0.2659
   00415    0.4107 -849075.1453  0.2661
   00416    0.4111 -848477.4253  0.2669
   00417    0.4133 -848684.1256  0.2666
   00418    0.4127 -849078.1958  0.2671
   00419    0.4116 -848869.7301  0.2675
   00420    0.4123 -848911.6508  0.2675
   00421    0.4119 -848863.2230  0.2675
   00422    0.4125 -848723.3756  0.2672
   00423    0.4132 -848353.6236  0.2670
   00424    0.4127 -848777.0081  0.2672
   00425    0.4104 -849394.6145  0.2667
   00426    0.4121 -848962.7530  0.2664
   00427    0.4122 -849286.5441  0.2663
   00428    0.4107 -849434.1396  0.2671
   00429    0.4121 -849357.4859  0.2681
   00430    0.4131 -849725.8028  0.2686
   00431    0.4117 -849083.5021  0.2685
   00432    0.4106 -848776.0290  0.2678
   00433    0.4120 -848883.3827  0.2679
   00434    0.4093 -848614.1422  0.2673
   00435    0.4132 -848388.4848  0.2675
   00436    0.4146 -848547.1029  0.2679
   00437    0.4134 -848581.8654  0.2676
   00438    0.4113 -848193.1175  0.2678
   00439    0.4122 -848410.6833  0.2680
   00440    0.4138 -847962.3861  0.2682
   00441    0.4131 -848134.7657  0.2681
   00442    0.4147 -848354.3528  0.2679
   00443    0.4133 -848444.3001  0.2677
   00444    0.4121 -848632.0095  0.2677
   00445    0.4117 -848347.1025  0.2681
   00446    0.4136 -848628.7345  0.2681
   00447    0.4124 -848688.0406  0.2687
   00448    0.4123 -849071.5927  0.2687
   00449    0.4125 -848969.9811  0.2679
   00450    0.4134 -849163.5498  0.2674
   00451    0.4138 -849226.0704  0.2676
   00452    0.4131 -849162.7988  0.2675
   00453    0.4118 -849409.3625  0.2674
   00454    0.4123 -849453.8742  0.2673
   00455    0.4133 -849078.1507  0.2680
   00456    0.4131 -848996.8129  0.2676
   00457    0.4117 -848681.8147  0.2675
   00458    0.4101 -849376.8414  0.2673
   00459    0.4125 -849083.5099  0.2670
   00460    0.4129 -848571.5993  0.2667
   00461    0.4122 -848561.6780  0.2672
   00462    0.4124 -848731.4101  0.2675
   00463    0.4115 -849053.9530  0.2674
   00464    0.4111 -849453.0663  0.2672
   00465    0.4129 -849758.9810  0.2671
   00466    0.4124 -849594.8712  0.2671
   00467    0.4124 -849420.0491  0.2674
   00468    0.4125 -849788.3690  0.2670
   00469    0.4121 -849616.9498  0.2671
   00470    0.4121 -850051.0749  0.2675
   00471    0.4125 -849666.9127  0.2679
   00472    0.4132 -849528.9858  0.2677
   00473    0.4130 -849568.2409  0.2673
   00474    0.4118 -849729.7481  0.2666
   00475    0.4123 -849382.6666  0.2670
   00476    0.4118 -849655.1681  0.2672
   00477    0.4122 -849138.0932  0.2665
   00478    0.4107 -849069.5544  0.2668
   00479    0.4141 -849109.5407  0.2668
   00480    0.4126 -849154.2549  0.2669
   00481    0.4117 -849446.0840  0.2671
   00482    0.4108 -849617.8649  0.2672
   00483    0.4128 -849670.4846  0.2669
   00484    0.4118 -849538.7293  0.2668
   00485    0.4118 -849647.0499  0.2668
   00486    0.4108 -849813.7403  0.2666
   00487    0.4124 -849982.8615  0.2671
   00488    0.4120 -850144.7929  0.2668
   00489    0.4105 -850215.8410  0.2669
   00490    0.4123 -849833.3656  0.2669
   00491    0.4133 -849650.0020  0.2664
   00492    0.4127 -849423.7865  0.2663
   00493    0.4117 -849648.6584  0.2660
   00494    0.4107 -849768.6631  0.2656
   00495    0.4111 -849732.1511  0.2656
   00496    0.4131 -849691.7502  0.2664
   00497    0.4130 -849432.1245  0.2665
   00498    0.4120 -849562.2227  0.2662
   00499    0.4130 -849896.2727  0.2658
   00500    0.4116 -849600.3543  0.2657
