#=====================================================
# File created:        Sat-01-Nov-2025-at-08-43-55AM
# Size of lattice:     500x500
# Number of MC steps:  50
# Reduced temperature: 0.500
# Run time (s):        4.497706
#=====================================================
# MC step:  Ratio:     Energy:   Order:
#=====================================================
   00000    0.5000 -250051.7110  0.2506
   00001    0.6790 -370651.0728  0.2514
   00002    0.6227 -449291.7099  0.2518
   00003    0.5851 -506149.5341  0.2515
   00004    0.5590 -549955.7860  0.2524
   00005    0.5347 -584073.8679  0.2531
   00006    0.5229 -612372.6550  0.2528
   00007    0.5068 -635483.9171  0.2541
   00008    0.4992 -655111.4449  0.2552
   00009    0.4900 -671097.4498  0.2550
   00010    0.4852 -685329.2612  0.2555
   00011    0.4789 -698160.9810  0.2558
   00012    0.4720 -708954.1014  0.2560
   00013    0.4680 -718668.1472  0.2565
   00014    0.4633 -726901.1441  0.2575
   00015    0.4592 -733974.5461  0.2577
   00016    0.4573 -740942.5997  0.2579
   00017    0.4520 -746504.2703  0.2591
   00018    0.4526 -751981.1944  0.2590
   00019    0.4499 -756329.1511  0.2594
   00020    0.4475 -760661.2508  0.2589
   00021    0.4463 -764387.1996  0.2592
   00022    0.4436 -768321.2656  0.2598
   00023    0.4424 -771403.9952  0.2595
   00024    0.4404 -774774.5084  0.2604
   00025    0.4410 -777779.9054  0.2597
   00026    0.4404 -779711.7226  0.2612
   00027    0.4376 -782219.0674  0.2613
   00028    0.4375 -784903.8896  0.2620
   00029    0.4377 -786624.3397  0.2619
   00030    0.4355 -788693.1728  0.2615
   00031    0.4352 -789997.9254  0.2615
   00032    0.4346 -791566.9588  0.2615
   00033    0.4353 -793005.7038  0.2609
   00034    0.4337 -795112.1763  0.2606
   00035    0.4340 -796306.6241  0.2606
   00036    0.4328 -797451.2310  0.2605
   00037    0.4315 -799010.8859  0.2601
   00038    0.4312 -799694.7138  0.2605
   00039    0.4296 -800435.2855  0.2606
   00040    0.4322 -801710.2459  0.2605
   00041    0.4312 -802982.5167  0.2609
   00042    0.4307 -803963.8972  0.2619
   00043    0.4289 -804901.3369  0.2618
   00044    0.4293 -806004.4256  0.2621
   00045    0.4283 -807636.0982  0.2624
   00046    0.4275 -808440.3305  0.2625
   00047    0.4277 -808765.9796  0.2620
   00048    0.4272 -810078.4309  0.2618
   00049    0.4274 -810604.2754  0.2620
   00050    0.4271 -810732.4739  0.2623
