#=====================================================
# File created:        Sat-01-Nov-2025-at-08-49-19AM
# Size of lattice:     250x250
# Number of MC steps:  50
# Reduced temperature: 0.500
# Run time (s):        16.462943
#=====================================================
# MC step:  Ratio:     Energy:   Order:
#=====================================================
   00000    0.5000  -62492.7020  0.2538 
   00001    0.5817 -114576.3163  0.2559 
   00002    0.5046 -122279.3769  0.2558 
   00003    0.4573 -126388.0045  0.2572 
   00004    0.4311 -128970.0630  0.2567 
   00005    0.4113 -130305.1190  0.2560 
   00006    0.3995 -131362.8600  0.2555 
   00007    0.3904 -131945.0495  0.2539 
   00008    0.3840 -132431.6556  0.2542 
   00009    0.3793 -132631.7364  0.2536 
   00010    0.3751 -132887.9399  0.2514 
   00011    0.3716 -133004.9259  0.2507 
   00012    0.3667 -133061.1658  0.2520 
   00013    0.3672 -133006.9306  0.2524 
   00014    0.3670 -133225.2285  0.2518 
   00015    0.3627 -133266.7766  0.2522 
   00016    0.3613 -133047.9737  0.2557 
   00017    0.3607 -133027.9422  0.2560 
   00018    0.3608 -133011.4767  0.2553 
   00019    0.3610 -133044.5886  0.2537 
   00020    0.3590 -133146.5644  0.2546 
   00021    0.3593 -132936.7977  0.2548 
   00022    0.3577 -132753.3223  0.2551 
   00023    0.3572 -132293.6042  0.2558 
   00024    0.3585 -132066.3480  0.2549 
   00025    0.3584 -132180.3490  0.2560 
   00026    0.3574 -132144.9043  0.2576 
   00027    0.3587 -132314.7580  0.2585 
   00028    0.3580 -132118.2433  0.2581 
   00029    0.3570 -132030.5910  0.2573 
   00030    0.3571 -132140.0100  0.2555 
   00031    0.3584 -132195.5104  0.2541 
   00032    0.3570 -131946.0860  0.2544 
   00033    0.3577 -131879.5183  0.2551 
   00034    0.3542 -131858.1697  0.2536 
   00035    0.3534 -131863.7184  0.2535 
   00036    0.3540 -132101.2650  0.2530 
   00037    0.3556 -132018.6496  0.2537 
   00038    0.3547 -132124.4773  0.2536 
   00039    0.3547 -131945.4546  0.2542 
   00040    0.3549 -131896.1135  0.2550 
   00041    0.3564 -131948.3793  0.2548 
   00042    0.3574 -132026.5114  0.2558 
   00043    0.3573 -132014.5859  0.2556 
   00044    0.3568 -131914.6493  0.2544 
   00045    0.3547 -131830.1011  0.2529 
   00046    0.3551 -131981.0012  0.2526 
   00047    0.3558 -132143.1561  0.2538 
   00048    0.3562 -132355.7472  0.2550 
   00049    0.3564 -132555.2995  0.2564 
   00050    0.3559 -132545.5817  0.2577 
