#=====================================================
# File created:        Thu-30-Oct-2025-at-08-55-30AM
# Size of lattice:     512x512
# Number of MC steps:  512
# Reduced temperature: 0.500
# Run time (s):        74125.928639
#=====================================================
# MC step:  Ratio:     Energy:   Order:
#=====================================================
   00000    0.5000 -261272.7458  0.2514 
   00001    0.6821 -388801.0485  0.2514 
   00002    0.6246 -472422.5418  0.2512 
   00003    0.5844 -531961.8235  0.2521 
   00004    0.5589 -577353.0537  0.2515 
   00005    0.5370 -613929.9428  0.2519 
   00006    0.5204 -643394.4491  0.2519 
   00007    0.5097 -667157.1723  0.2517 
   00008    0.4988 -687335.0987  0.2520 
   00009    0.4918 -704334.4043  0.2528 
   00010    0.4843 -719989.3900  0.2525 
   00011    0.4738 -732703.7974  0.2533 
   00012    0.4713 -744076.2915  0.2540 
   00013    0.4652 -753410.6011  0.2535 
   00014    0.4640 -762280.8407  0.2532 
   00015    0.4590 -769922.3388  0.2538 
   00016    0.4562 -777344.7246  0.2543 
   00017    0.4538 -783617.8467  0.2547 
   00018    0.4493 -789659.0905  0.2548 
   00019    0.4492 -794551.2244  0.2548 
   00020    0.4459 -798655.9753  0.2550 
   00021    0.4453 -802826.5438  0.2552 
   00022    0.4444 -806546.0760  0.2551 
   00023    0.4436 -809648.1253  0.2557 
   00024    0.4418 -812773.7431  0.2559 
   00025    0.4406 -815518.3195  0.2564 
   00026    0.4387 -817917.6999  0.2559 
   00027    0.4370 -820465.3928  0.2562 
   00028    0.4380 -822323.7652  0.2568 
   00029    0.4375 -824620.1238  0.2571 
   00030    0.4336 -826500.0145  0.2574 
   00031    0.4347 -828417.7337  0.2573 
   00032    0.4331 -830473.1488  0.2580 
   00033    0.4327 -832271.0985  0.2584 
   00034    0.4317 -834283.7644  0.2585 
   00035    0.4324 -835585.1012  0.2585 
   00036    0.4321 -836451.2205  0.2583 
   00037    0.4307 -838360.8174  0.2587 
   00038    0.4305 -839219.2832  0.2579 
   00039    0.4279 -840396.0607  0.2574 
   00040    0.4305 -841889.9043  0.2579 
   00041    0.4289 -842888.4958  0.2578 
   00042    0.4287 -843839.1900  0.2580 
   00043    0.4265 -844907.8537  0.2581 
   00044    0.4286 -846236.0937  0.2578 
   00045    0.4272 -847066.1151  0.2580 
   00046    0.4265 -848179.0824  0.2581 
   00047    0.4274 -848759.5836  0.2580 
   00048    0.4269 -849952.8988  0.2578 
   00049    0.4263 -850936.1754  0.2581 
   00050    0.4267 -851430.2767  0.2589 
   00051    0.4267 -852230.3082  0.2582 
   00052    0.4262 -852721.2161  0.2584 
   00053    0.4241 -853284.5411  0.2585 
   00054    0.4237 -854063.5820  0.2581 
   00055    0.4256 -854511.6156  0.2581 
   00056    0.4251 -855226.6091  0.2583 
   00057    0.4257 -855334.6532  0.2584 
   00058    0.4247 -856194.3947  0.2582 
   00059    0.4235 -857150.6511  0.2590 
   00060    0.4231 -858031.0779  0.2587 
   00061    0.4232 -858498.5042  0.2587 
   00062    0.4234 -858751.2690  0.2585 
   00063    0.4235 -859263.4912  0.2583 
   00064    0.4225 -859989.0716  0.2585 
   00065    0.4231 -860248.0256  0.2589 
   00066    0.4210 -860712.4883  0.2584 
   00067    0.4230 -860837.8299  0.2579 
   00068    0.4230 -861843.3562  0.2578 
   00069    0.4219 -862280.2135  0.2575 
   00070    0.4214 -862418.8051  0.2580 
   00071    0.4226 -862847.4100  0.2579 
   00072    0.4214 -863302.6137  0.2579 
   00073    0.4211 -863625.2790  0.2574 
   00074    0.4211 -863897.7251  0.2573 
   00075    0.4231 -864463.7702  0.2580 
   00076    0.4203 -864346.0833  0.2574 
   00077    0.4208 -864855.2266  0.2576 
   00078    0.4203 -865607.7892  0.2577 
   00079    0.4212 -866089.8394  0.2572 
   00080    0.4206 -865565.3805  0.2568 
   00081    0.4204 -865511.7638  0.2569 
   00082    0.4227 -866048.9507  0.2567 
   00083    0.4206 -866712.6779  0.2565 
   00084    0.4205 -867187.6470  0.2568 
   00085    0.4206 -867559.8882  0.2563 
   00086    0.4203 -868324.2037  0.2562 
   00087    0.4185 -868436.8897  0.2555 
   00088    0.4207 -868434.6932  0.2556 
   00089    0.4203 -869127.2331  0.2556 
   00090    0.4192 -869809.7718  0.2560 
   00091    0.4192 -869769.3905  0.2562 
   00092    0.4171 -869988.8753  0.2563 
   00093    0.4185 -870226.7295  0.2558 
   00094    0.4200 -870612.8729  0.2558 
   00095    0.4180 -870408.7162  0.2554 
   00096    0.4192 -870473.0338  0.2555 
   00097    0.4182 -870708.9540  0.2559 
   00098    0.4198 -870523.7669  0.2556 
   00099    0.4183 -870860.0566  0.2551 
   00100    0.4195 -871208.2081  0.2548 
   00101    0.4201 -871484.2916  0.2558 
   00102    0.4214 -871178.5615  0.2553 
   00103    0.4196 -871604.3606  0.2555 
   00104    0.4179 -871498.9129  0.2554 
   00105    0.4168 -871848.2356  0.2549 
   00106    0.4162 -872668.4610  0.2546 
   00107    0.4183 -872530.9095  0.2553 
   00108    0.4196 -872345.2805  0.2547 
   00109    0.4186 -872555.5993  0.2542 
   00110    0.4176 -873151.5036  0.2542 
   00111    0.4181 -873039.0445  0.2541 
   00112    0.4173 -873445.3431  0.2540 
   00113    0.4172 -873340.3306  0.2542 
   00114    0.4183 -873356.9360  0.2533 
   00115    0.4194 -874399.3290  0.2539 
   00116    0.4182 -874550.0150  0.2544 
   00117    0.4188 -874223.1876  0.2541 
   00118    0.4195 -874030.0232  0.2542 
   00119    0.4196 -875010.3242  0.2547 
   00120    0.4181 -874926.9147  0.2545 
   00121    0.4183 -874752.4990  0.2550 
   00122    0.4157 -874761.5218  0.2550 
   00123    0.4183 -875372.5079  0.2548 
   00124    0.4164 -875657.0549  0.2548 
   00125    0.4166 -875599.2345  0.2551 
   00126    0.4179 -876138.1304  0.2544 
   00127    0.4169 -876236.6116  0.2545 
   00128    0.4162 -875560.5457  0.2548 
   00129    0.4155 -876301.2449  0.2540 
   00130    0.4187 -876660.6558  0.2540 
   00131    0.4164 -876998.1092  0.2537 
   00132    0.4167 -877175.3740  0.2542 
   00133    0.4152 -877292.6806  0.2540 
   00134    0.4169 -877682.7268  0.2541 
   00135    0.4168 -877754.9388  0.2538 
   00136    0.4168 -877920.8186  0.2537 
   00137    0.4163 -878078.3760  0.2543 
   00138    0.4157 -878586.0236  0.2547 
   00139    0.4155 -878323.0508  0.2549 
   00140    0.4158 -877840.9833  0.2548 
   00141    0.4167 -877968.9013  0.2547 
   00142    0.4155 -877975.1547  0.2549 
   00143    0.4152 -878073.6162  0.2548 
   00144    0.4162 -878382.2281  0.2552 
   00145    0.4169 -878668.0123  0.2550 
   00146    0.4153 -878738.9347  0.2552 
   00147    0.4168 -878541.5425  0.2552 
   00148    0.4174 -878356.8710  0.2548 
   00149    0.4168 -879045.9641  0.2545 
   00150    0.4168 -879049.6256  0.2546 
   00151    0.4158 -878985.3583  0.2548 
   00152    0.4167 -879092.9823  0.2545 
   00153    0.4154 -879108.4676  0.2546 
   00154    0.4143 -879281.0908  0.2546 
   00155    0.4160 -879256.0843  0.2545 
   00156    0.4154 -879152.7661  0.2548 
   00157    0.4177 -879264.6464  0.2546 
   00158    0.4160 -879141.9764  0.2540 
   00159    0.4162 -879627.6773  0.2538 
   00160    0.4156 -879361.4416  0.2536 
   00161    0.4142 -879219.1784  0.2538 
   00162    0.4149 -879215.9818  0.2542 
   00163    0.4159 -879746.9563  0.2543 
   00164    0.4148 -879953.7410  0.2544 
   00165    0.4149 -880219.8538  0.2546 
   00166    0.4157 -880806.5537  0.2547 
   00167    0.4145 -881400.0531  0.2541 
   00168    0.4141 -880939.1306  0.2536 
   00169    0.4142 -881284.1086  0.2537 
   00170    0.4162 -881310.5845  0.2534 
   00171    0.4167 -881587.1742  0.2531 
   00172    0.4148 -881238.9630  0.2530 
   00173    0.4153 -881285.0503  0.2536 
   00174    0.4170 -881545.4027  0.2540 
   00175    0.4153 -881477.4792  0.2535 
   00176    0.4152 -881490.3470  0.2543 
   00177    0.4157 -881678.0846  0.2544 
   00178    0.4157 -881854.6738  0.2544 
   00179    0.4148 -881646.1602  0.2543 
   00180    0.4135 -881842.1836  0.2540 
   00181    0.4146 -882120.9401  0.2539 
   00182    0.4149 -882227.7118  0.2540 
   00183    0.4156 -882431.7464  0.2536 
   00184    0.4163 -882279.9098  0.2544 
   00185    0.4129 -882392.3137  0.2546 
   00186    0.4165 -882688.5534  0.2545 
   00187    0.4136 -882702.4803  0.2546 
   00188    0.4176 -882865.5802  0.2546 
   00189    0.4141 -882972.8504  0.2543 
   00190    0.4158 -882834.4771  0.2545 
   00191    0.4146 -882333.4641  0.2547 
   00192    0.4145 -882320.6196  0.2548 
   00193    0.4141 -882225.2807  0.2550 
   00194    0.4155 -882540.2018  0.2559 
   00195    0.4144 -882670.2541  0.2566 
   00196    0.4141 -882526.0413  0.2562 
   00197    0.4139 -883428.2543  0.2563 
   00198    0.4140 -883905.3636  0.2564 
   00199    0.4143 -883624.0730  0.2567 
   00200    0.4159 -883812.0652  0.2559 
   00201    0.4157 -883874.4325  0.2563 
   00202    0.4138 -883532.4914  0.2560 
   00203    0.4153 -883705.8082  0.2558 
   00204    0.4165 -883651.7654  0.2558 
   00205    0.4157 -883210.9031  0.2564 
   00206    0.4136 -883476.6206  0.2569 
   00207    0.4130 -883547.3099  0.2568 
   00208    0.4146 -883353.8878  0.2574 
   00209    0.4161 -883528.1272  0.2573 
   00210    0.4133 -883377.7437  0.2579 
   00211    0.4145 -883315.2363  0.2577 
   00212    0.4161 -883339.1280  0.2574 
   00213    0.4137 -883860.5310  0.2570 
   00214    0.4154 -883974.7741  0.2579 
   00215    0.4137 -883838.8114  0.2579 
   00216    0.4145 -884131.5973  0.2570 
   00217    0.4136 -883692.5912  0.2573 
   00218    0.4155 -884081.9606  0.2572 
   00219    0.4142 -884815.0165  0.2564 
   00220    0.4137 -884419.7509  0.2559 
   00221    0.4148 -884285.5162  0.2562 
   00222    0.4142 -884477.6233  0.2565 
   00223    0.4129 -884481.8187  0.2565 
   00224    0.4150 -884459.5389  0.2564 
   00225    0.4150 -884482.2381  0.2568 
   00226    0.4147 -884295.9228  0.2576 
   00227    0.4134 -884657.1138  0.2578 
   00228    0.4147 -884647.4228  0.2579 
   00229    0.4147 -884713.3361  0.2580 
   00230    0.4142 -884719.6192  0.2581 
   00231    0.4157 -884867.1314  0.2579 
   00232    0.4136 -885102.7495  0.2578 
   00233    0.4138 -885068.0912  0.2582 
   00234    0.4128 -885372.7882  0.2589 
   00235    0.4135 -885647.9192  0.2587 
   00236    0.4139 -885754.7888  0.2585 
   00237    0.4126 -885820.3040  0.2591 
   00238    0.4137 -885797.6897  0.2587 
   00239    0.4137 -885759.2848  0.2587 
   00240    0.4157 -885713.9977  0.2585 
   00241    0.4125 -886069.5738  0.2584 
   00242    0.4135 -885908.6617  0.2590 
   00243    0.4141 -885557.0890  0.2589 
   00244    0.4121 -885128.8206  0.2588 
   00245    0.4141 -885918.1423  0.2584 
   00246    0.4121 -886303.2690  0.2584 
   00247    0.4136 -886090.5986  0.2588 
   00248    0.4143 -885922.4402  0.2592 
   00249    0.4139 -885993.9659  0.2592 
   00250    0.4141 -885867.1927  0.2594 
   00251    0.4141 -885694.6257  0.2602 
   00252    0.4121 -885948.6395  0.2604 
   00253    0.4126 -886044.7717  0.2601 
   00254    0.4145 -886090.0786  0.2602 
   00255    0.4153 -886520.8799  0.2599 
   00256    0.4118 -886094.5724  0.2599 
   00257    0.4120 -886048.7493  0.2600 
   00258    0.4127 -886299.0354  0.2599 
   00259    0.4123 -886595.0761  0.2605 
   00260    0.4135 -886344.4288  0.2607 
   00261    0.4121 -886248.4234  0.2613 
   00262    0.4137 -886360.5004  0.2613 
   00263    0.4132 -886293.3314  0.2612 
   00264    0.4136 -886005.2977  0.2604 
   00265    0.4157 -886375.7212  0.2606 
   00266    0.4133 -886557.5017  0.2608 
   00267    0.4153 -886994.2429  0.2614 
   00268    0.4131 -886907.2879  0.2608 
   00269    0.4127 -887066.9866  0.2611 
   00270    0.4119 -887429.8595  0.2606 
   00271    0.4140 -887697.4119  0.2610 
   00272    0.4129 -887709.4971  0.2615 
   00273    0.4133 -888065.2573  0.2611 
   00274    0.4145 -887732.1851  0.2608 
   00275    0.4125 -887409.3700  0.2613 
   00276    0.4117 -887053.4752  0.2610 
   00277    0.4146 -887258.8315  0.2606 
   00278    0.4115 -887229.0500  0.2606 
   00279    0.4136 -887290.2144  0.2604 
   00280    0.4124 -886778.3393  0.2601 
   00281    0.4138 -887011.4389  0.2608 
   00282    0.4129 -886862.1418  0.2603 
   00283    0.4142 -887620.3379  0.2604 
   00284    0.4121 -887285.7412  0.2607 
   00285    0.4143 -887356.1913  0.2607 
   00286    0.4126 -887324.8348  0.2601 
   00287    0.4139 -887421.3901  0.2595 
   00288    0.4131 -887461.1806  0.2599 
   00289    0.4125 -887743.6006  0.2599 
   00290    0.4116 -887901.9845  0.2605 
   00291    0.4139 -887394.8216  0.2607 
   00292    0.4141 -887437.5893  0.2602 
   00293    0.4127 -887431.0655  0.2608 
   00294    0.4113 -887664.1978  0.2611 
   00295    0.4113 -887916.3848  0.2615 
   00296    0.4136 -887654.9355  0.2618 
   00297    0.4137 -887835.9311  0.2618 
   00298    0.4139 -887930.6609  0.2622 
   00299    0.4111 -888359.0016  0.2623 
   00300    0.4121 -888465.0462  0.2622 
   00301    0.4134 -888448.8846  0.2616 
   00302    0.4123 -888311.7717  0.2612 
   00303    0.4119 -888018.3411  0.2615 
   00304    0.4135 -888200.2743  0.2613 
   00305    0.4125 -888011.5731  0.2618 
   00306    0.4147 -887993.5448  0.2617 
   00307    0.4136 -887901.6772  0.2621 
   00308    0.4142 -887444.5948  0.2620 
   00309    0.4142 -887548.0494  0.2620 
   00310    0.4121 -888085.7195  0.2622 
   00311    0.4111 -888258.0441  0.2624 
   00312    0.4138 -888473.7419  0.2622 
   00313    0.4120 -888347.0067  0.2623 
   00314    0.4114 -888584.3382  0.2623 
   00315    0.4135 -888490.6774  0.2622 
   00316    0.4141 -888746.7464  0.2622 
   00317    0.4141 -888179.8540  0.2623 
   00318    0.4124 -888279.7934  0.2623 
   00319    0.4125 -888461.9819  0.2620 
   00320    0.4121 -888308.4092  0.2630 
   00321    0.4136 -888004.7926  0.2627 
   00322    0.4113 -888055.0083  0.2628 
   00323    0.4150 -888258.0468  0.2626 
   00324    0.4136 -888151.9954  0.2625 
   00325    0.4110 -888027.0010  0.2627 
   00326    0.4136 -887297.7180  0.2628 
   00327    0.4136 -887653.9348  0.2630 
   00328    0.4128 -888193.5381  0.2631 
   00329    0.4115 -888566.8919  0.2633 
   00330    0.4140 -888469.2623  0.2632 
   00331    0.4140 -888541.8072  0.2636 
   00332    0.4129 -888768.8554  0.2638 
   00333    0.4132 -888661.6412  0.2649 
   00334    0.4122 -888481.8457  0.2651 
   00335    0.4130 -888273.5091  0.2646 
   00336    0.4136 -888423.9730  0.2652 
   00337    0.4108 -888917.3911  0.2648 
   00338    0.4115 -888728.2137  0.2645 
   00339    0.4137 -888739.8348  0.2645 
   00340    0.4123 -889356.2815  0.2645 
   00341    0.4123 -889614.0205  0.2647 
   00342    0.4134 -889179.3880  0.2647 
   00343    0.4128 -889466.1035  0.2646 
   00344    0.4133 -889238.5918  0.2651 
   00345    0.4123 -889463.7730  0.2646 
   00346    0.4132 -889294.0450  0.2646 
   00347    0.4119 -889838.7700  0.2647 
   00348    0.4113 -889931.2334  0.2648 
   00349    0.4125 -889876.9715  0.2648 
   00350    0.4119 -889492.7724  0.2653 
   00351    0.4116 -889606.1615  0.2654 
   00352    0.4120 -889861.7218  0.2657 
   00353    0.4142 -889436.4133  0.2653 
   00354    0.4136 -889719.5303  0.2647 
   00355    0.4125 -889946.7250  0.2642 
   00356    0.4118 -889891.6157  0.2648 
   00357    0.4105 -889790.6627  0.2650 
   00358    0.4121 -889720.3037  0.2648 
   00359    0.4117 -889674.5581  0.2650 
   00360    0.4120 -889515.5646  0.2648 
   00361    0.4129 -889203.3078  0.2657 
   00362    0.4120 -889860.2095  0.2656 
   00363    0.4130 -889801.0278  0.2653 
   00364    0.4117 -889765.9519  0.2654 
   00365    0.4128 -890119.7189  0.2651 
   00366    0.4130 -890098.9737  0.2656 
   00367    0.4129 -890035.8874  0.2656 
   00368    0.4127 -889826.5508  0.2656 
   00369    0.4126 -889380.1409  0.2657 
   00370    0.4147 -889516.2317  0.2655 
   00371    0.4119 -889390.9363  0.2660 
   00372    0.4128 -889218.0202  0.2661 
   00373    0.4131 -889567.3675  0.2657 
   00374    0.4123 -889583.0723  0.2657 
   00375    0.4113 -889530.1574  0.2660 
   00376    0.4117 -889425.2471  0.2660 
   00377    0.4126 -889713.8747  0.2659 
   00378    0.4127 -889391.3197  0.2650 
   00379    0.4126 -889517.8001  0.2650 
   00380    0.4109 -889904.6643  0.2651 
   00381    0.4130 -889833.6094  0.2658 
   00382    0.4132 -890484.7024  0.2657 
   00383    0.4127 -890235.2874  0.2658 
   00384    0.4113 -890433.9980  0.2659 
   00385    0.4111 -890228.3487  0.2657 
   00386    0.4127 -890256.0928  0.2646 
   00387    0.4108 -890029.8301  0.2641 
   00388    0.4123 -890042.9125  0.2645 
   00389    0.4122 -890150.0130  0.2651 
   00390    0.4120 -889914.6105  0.2658 
   00391    0.4110 -890318.3908  0.2658 
   00392    0.4126 -890460.2905  0.2655 
   00393    0.4116 -890565.9410  0.2653 
   00394    0.4129 -890651.7864  0.2648 
   00395    0.4116 -890812.8466  0.2645 
   00396    0.4108 -890819.6958  0.2649 
   00397    0.4121 -890449.2335  0.2646 
   00398    0.4112 -890344.9644  0.2644 
   00399    0.4113 -890676.9784  0.2641 
   00400    0.4133 -890253.4666  0.2644 
   00401    0.4129 -890104.5206  0.2638 
   00402    0.4131 -890260.2854  0.2636 
   00403    0.4112 -890160.2681  0.2633 
   00404    0.4131 -890155.8879  0.2636 
   00405    0.4125 -890125.1471  0.2638 
   00406    0.4120 -890083.0295  0.2642 
   00407    0.4129 -889759.0553  0.2643 
   00408    0.4130 -889742.4775  0.2647 
   00409    0.4110 -889980.2521  0.2642 
   00410    0.4109 -889899.5914  0.2646 
   00411    0.4117 -890446.7276  0.2644 
   00412    0.4111 -890072.2310  0.2640 
   00413    0.4135 -890101.1249  0.2636 
   00414    0.4123 -890045.4281  0.2637 
   00415    0.4120 -890233.7611  0.2638 
   00416    0.4131 -890247.5898  0.2638 
   00417    0.4113 -890279.7835  0.2636 
   00418    0.4123 -890372.2578  0.2633 
   00419    0.4124 -890635.9958  0.2629 
   00420    0.4125 -890370.3904  0.2624 
   00421    0.4126 -890167.9332  0.2620 
   00422    0.4127 -890046.3508  0.2622 
   00423    0.4121 -889924.6319  0.2626 
   00424    0.4108 -890611.3085  0.2620 
   00425    0.4122 -890495.4074  0.2624 
   00426    0.4111 -890335.5329  0.2630 
   00427    0.4112 -890425.4545  0.2626 
   00428    0.4116 -890569.8150  0.2629 
   00429    0.4112 -890635.9310  0.2627 
   00430    0.4131 -890669.8308  0.2630 
   00431    0.4132 -890805.0049  0.2628 
   00432    0.4133 -891304.7747  0.2626 
   00433    0.4111 -891162.1680  0.2630 
   00434    0.4117 -891393.7850  0.2635 
   00435    0.4108 -891535.7275  0.2636 
   00436    0.4093 -891147.7637  0.2639 
   00437    0.4138 -891259.2358  0.2638 
   00438    0.4115 -890883.6777  0.2639 
   00439    0.4126 -890771.8978  0.2638 
   00440    0.4112 -890823.6231  0.2636 
   00441    0.4101 -890251.0767  0.2635 
   00442    0.4137 -890263.6522  0.2628 
   00443    0.4119 -890480.7847  0.2631 
   00444    0.4116 -890562.9289  0.2632 
   00445    0.4138 -890755.1529  0.2631 
   00446    0.4126 -890734.5275  0.2635 
   00447    0.4125 -890918.1113  0.2635 
   00448    0.4125 -890374.8240  0.2628 
   00449    0.4115 -890490.4363  0.2625 
   00450    0.4126 -890669.0640  0.2624 
   00451    0.4124 -890539.8989  0.2626 
   00452    0.4114 -890522.0359  0.2628 
   00453    0.4144 -890765.0224  0.2630 
   00454    0.4109 -891106.1768  0.2630 
   00455    0.4095 -891842.2590  0.2631 
   00456    0.4112 -891519.6947  0.2627 
   00457    0.4115 -891582.3736  0.2627 
   00458    0.4116 -891226.9317  0.2619 
   00459    0.4106 -891451.0854  0.2626 
   00460    0.4099 -891179.0668  0.2628 
   00461    0.4105 -891430.3973  0.2627 
   00462    0.4115 -891328.4825  0.2617 
   00463    0.4102 -891367.3307  0.2622 
   00464    0.4125 -891451.7249  0.2626 
   00465    0.4119 -891008.6433  0.2625 
   00466    0.4118 -891301.3593  0.2623 
   00467    0.4112 -891163.7544  0.2623 
   00468    0.4118 -891146.3358  0.2626 
   00469    0.4110 -891352.2971  0.2626 
   00470    0.4117 -891051.1278  0.2631 
   00471    0.4122 -890990.8571  0.2634 
   00472    0.4117 -890983.9382  0.2642 
   00473    0.4119 -891044.7278  0.2635 
   00474    0.4119 -890997.4996  0.2638 
   00475    0.4118 -890978.5846  0.2642 
   00476    0.4114 -891356.2341  0.2646 
   00477    0.4113 -891440.7564  0.2651 
   00478    0.4140 -891211.0871  0.2658 
   00479    0.4121 -891098.1425  0.2650 
   00480    0.4129 -891009.1208  0.2647 
   00481    0.4115 -891111.6277  0.2655 
   00482    0.4110 -891157.6525  0.2656 
   00483    0.4128 -891147.8096  0.2657 
   00484    0.4121 -891402.3561  0.2655 
   00485    0.4116 -891854.8592  0.2656 
   00486    0.4116 -892048.1175  0.2659 
   00487    0.4106 -892112.0724  0.2660 
   00488    0.4137 -892233.0098  0.2660 
   00489    0.4116 -892265.6054  0.2655 
   00490    0.4116 -892036.9837  0.2653 
   00491    0.4113 -891619.3938  0.2655 
   00492    0.4108 -891468.1686  0.2659 
   00493    0.4116 -891437.8547  0.2661 
   00494    0.4119 -891431.7673  0.2658 
   00495    0.4109 -890998.2161  0.2660 
   00496    0.4124 -891230.9252  0.2662 
   00497    0.4105 -891689.1010  0.2659 
   00498    0.4112 -891379.0982  0.2663 
   00499    0.4137 -891483.8891  0.2663 
   00500    0.4120 -891587.6608  0.2660 
   00501    0.4114 -891263.6466  0.2666 
   00502    0.4106 -891734.0574  0.2666 
   00503    0.4115 -891654.8326  0.2672 
   00504    0.4123 -891544.5291  0.2674 
   00505    0.4122 -891159.3905  0.2676 
   00506    0.4133 -891156.9251  0.2673 
   00507    0.4121 -891445.6856  0.2673 
   00508    0.4130 -891466.1383  0.2668 
   00509    0.4120 -891494.6085  0.2670 
   00510    0.4110 -891931.0985  0.2667 
   00511    0.4108 -892038.3962  0.2664 
   00512    0.4110 -891977.0630  0.2669 
