#=====================================================
# File created:        Wed-29-Oct-2025-at-11-33-46AM
# Size of lattice:     500x500
# Number of MC steps:  500
# Reduced temperature: 0.500
# Run time (s):        13.461785
#=====================================================
# MC step:  Ratio:     Energy:   Order:
#=====================================================
   00000    0.5000 -125522.8236  0.2516
   00001    0.6212 -236340.5932  0.2519
   00002    0.5793 -266022.6307  0.2531
   00003    0.5481 -288341.5311  0.2540
   00004    0.5291 -305118.6256  0.2548
   00005    0.5116 -319013.2539  0.2551
   00006    0.4990 -330350.4254  0.2550
   00007    0.4879 -339579.4988  0.2552
   00008    0.4826 -347215.0010  0.2556
   00009    0.4743 -353537.7520  0.2558
   00010    0.4702 -359067.3905  0.2558
   00011    0.4645 -363855.9408  0.2568
   00012    0.4606 -368077.3299  0.2567
   00013    0.4575 -371784.8596  0.2572
   00014    0.4524 -375250.0841  0.2570
   00015    0.4509 -378163.6462  0.2573
   00016    0.4487 -380639.2278  0.2571
   00017    0.4462 -383084.4278  0.2575
   00018    0.4415 -385212.9506  0.2579
   00019    0.4418 -387156.9737  0.2577
   00020    0.4405 -389086.3002  0.2575
   00021    0.4402 -390611.1109  0.2583
   00022    0.4364 -391946.8735  0.2587
   00023    0.4375 -393250.1708  0.2591
   00024    0.4370 -394549.1859  0.2593
   00025    0.4345 -395614.3321  0.2608
   00026    0.4342 -396578.8679  0.2606
   00027    0.4327 -397820.3215  0.2607
   00028    0.4324 -398533.6073  0.2607
   00029    0.4332 -399289.5212  0.2615
   00030    0.4305 -400344.0631  0.2618
   00031    0.4299 -400919.9256  0.2612
   00032    0.4281 -401396.6233  0.2617
   00033    0.4284 -402137.0205  0.2623
   00034    0.4291 -402797.1973  0.2628
   00035    0.4284 -403244.5560  0.2630
   00036    0.4280 -403818.7212  0.2636
   00037    0.4268 -404174.8673  0.2638
   00038    0.4263 -404542.0618  0.2634
   00039    0.4272 -405225.4212  0.2633
   00040    0.4256 -405680.5120  0.2630
   00041    0.4253 -405898.9300  0.2626
   00042    0.4246 -406354.3217  0.2635
   00043    0.4252 -406735.0457  0.2633
   00044    0.4251 -407180.1769  0.2629
   00045    0.4258 -407691.7407  0.2626
   00046    0.4247 -408097.1215  0.2619
   00047    0.4239 -408299.2774  0.2621
   00048    0.4235 -408501.4299  0.2617
   00049    0.4241 -408903.4101  0.2620
   00050    0.4240 -409507.8320  0.2613
   00051    0.4238 -409715.7279  0.2615
   00052    0.4249 -410162.9872  0.2618
   00053    0.4237 -410053.6315  0.2613
   00054    0.4219 -410745.7788  0.2614
   00055    0.4204 -410904.5012  0.2617
   00056    0.4217 -410952.9811  0.2621
   00057    0.4201 -411249.1361  0.2625
   00058    0.4221 -411139.3431  0.2621
   00059    0.4225 -411442.8040  0.2615
   00060    0.4223 -411757.1704  0.2616
   00061    0.4215 -411993.5294  0.2621
   00062    0.4218 -412201.0215  0.2624
   00063    0.4204 -412432.2923  0.2627
   00064    0.4216 -412463.0340  0.2630
   00065    0.4197 -412774.1759  0.2633
   00066    0.4211 -412661.5149  0.2631
   00067    0.4198 -412942.7091  0.2626
   00068    0.4218 -413208.4763  0.2626
   00069    0.4201 -413445.0405  0.2621
   00070    0.4194 -413797.9708  0.2621
   00071    0.4197 -414139.1195  0.2627
   00072    0.4192 -414041.8266  0.2632
   00073    0.4177 -414354.8735  0.2639
   00074    0.4191 -414245.5098  0.2647
   00075    0.4197 -414270.3499  0.2652
   00076    0.4209 -414370.2099  0.2652
   00077    0.4200 -414269.6835  0.2649
   00078    0.4197 -414436.9313  0.2649
   00079    0.4205 -414569.0875  0.2651
   00080    0.4199 -414623.0955  0.2653
   00081    0.4205 -414976.1592  0.2653
   00082    0.4188 -414891.3980  0.2652
   00083    0.4177 -415134.5692  0.2658
   00084    0.4194 -415245.9200  0.2667
   00085    0.4175 -415555.0058  0.2674
   00086    0.4179 -415603.0250  0.2677
   00087    0.4199 -416063.7403  0.2682
   00088    0.4186 -415990.7936  0.2681
   00089    0.4181 -415877.8509  0.2682
   00090    0.4181 -416169.3922  0.2688
   00091    0.4182 -416158.1419  0.2693
   00092    0.4153 -416564.6220  0.2690
   00093    0.4183 -416563.1527  0.2690
   00094    0.4192 -416547.6677  0.2684
   00095    0.4170 -416582.9089  0.2685
   00096    0.4168 -416434.2124  0.2680
   00097    0.4199 -416424.0846  0.2679
   00098    0.4183 -416820.5358  0.2678
   00099    0.4184 -416822.3406  0.2680
   00100    0.4176 -416765.5014  0.2690
   00101    0.4167 -416996.2075  0.2684
   00102    0.4168 -416894.4306  0.2679
   00103    0.4175 -416952.0554  0.2675
   00104    0.4192 -417324.8818  0.2678
   00105    0.4172 -417225.2933  0.2684
   00106    0.4184 -417178.0977  0.2684
   00107    0.4169 -417396.6848  0.2686
   00108    0.4175 -417548.7395  0.2689
   00109    0.4174 -417738.2830  0.2689
   00110    0.4159 -417968.9152  0.2688
   00111    0.4181 -417902.9913  0.2691
   00112    0.4172 -418130.0316  0.2686
   00113    0.4168 -418339.7226  0.2679
   00114    0.4169 -418501.4425  0.2674
   00115    0.4159 -418433.6011  0.2676
   00116    0.4167 -418349.4935  0.2680
   00117    0.4163 -418456.1232  0.2680
   00118    0.4183 -418524.3995  0.2681
   00119    0.4157 -418770.0872  0.2684
   00120    0.4161 -418892.4141  0.2679
   00121    0.4155 -418870.0613  0.2676
   00122    0.4156 -418721.4129  0.2680
   00123    0.4155 -418909.9012  0.2686
   00124    0.4171 -418936.8305  0.2685
   00125    0.4167 -418751.9712  0.2686
   00126    0.4176 -418979.6682  0.2693
   00127    0.4180 -418909.6573  0.2693
   00128    0.4165 -419097.1908  0.2694
   00129    0.4169 -419463.6530  0.2693
   00130    0.4163 -419411.9973  0.2692
   00131    0.4157 -419181.5819  0.2686
   00132    0.4161 -419446.4608  0.2687
   00133    0.4158 -419419.7215  0.2691
   00134    0.4140 -419776.7885  0.2689
   00135    0.4148 -420126.1855  0.2690
   00136    0.4151 -420163.3566  0.2697
   00137    0.4149 -420119.5493  0.2693
   00138    0.4162 -419976.1903  0.2686
   00139    0.4147 -420078.5281  0.2678
   00140    0.4148 -420142.7191  0.2679
   00141    0.4148 -420332.0691  0.2668
   00142    0.4159 -420431.5321  0.2667
   00143    0.4155 -420220.8315  0.2673
   00144    0.4134 -420097.3385  0.2670
   00145    0.4148 -420355.2929  0.2670
   00146    0.4158 -420130.8361  0.2670
   00147    0.4160 -420128.0380  0.2666
   00148    0.4136 -419979.2303  0.2664
   00149    0.4139 -420139.9255  0.2663
   00150    0.4143 -420174.8996  0.2664
   00151    0.4164 -420423.7024  0.2660
   00152    0.4152 -420416.6741  0.2656
   00153    0.4157 -420501.9573  0.2653
   00154    0.4146 -420587.2678  0.2649
   00155    0.4152 -420680.9844  0.2649
   00156    0.4155 -420478.1768  0.2647
   00157    0.4143 -420417.8540  0.2650
   00158    0.4149 -420418.4312  0.2647
   00159    0.4172 -420562.9476  0.2649
   00160    0.4146 -420650.9639  0.2641
   00161    0.4144 -420640.5407  0.2642
   00162    0.4146 -420681.3215  0.2645
   00163    0.4172 -420749.0295  0.2640
   00164    0.4152 -420931.0364  0.2636
   00165    0.4132 -420798.3543  0.2645
   00166    0.4154 -420854.8628  0.2638
   00167    0.4151 -420935.7278  0.2641
   00168    0.4140 -421279.7304  0.2643
   00169    0.4138 -421207.8991  0.2647
   00170    0.4169 -420907.1630  0.2647
   00171    0.4162 -421165.8855  0.2638
   00172    0.4134 -421108.4169  0.2636
   00173    0.4142 -421225.0208  0.2637
   00174    0.4133 -421191.9281  0.2635
   00175    0.4162 -421357.7183  0.2630
   00176    0.4131 -421460.5316  0.2626
   00177    0.4141 -421468.9907  0.2629
   00178    0.4145 -421542.1553  0.2637
   00179    0.4144 -421510.4477  0.2635
   00180    0.4129 -421506.5059  0.2634
   00181    0.4126 -421508.2438  0.2635
   00182    0.4130 -421528.1417  0.2632
   00183    0.4141 -421450.7943  0.2643
   00184    0.4146 -421528.9162  0.2650
   00185    0.4135 -421810.6924  0.2644
   00186    0.4128 -421761.1827  0.2642
   00187    0.4146 -421712.6585  0.2652
   00188    0.4152 -421475.5411  0.2643
   00189    0.4156 -421577.0472  0.2630
   00190    0.4145 -421807.9192  0.2630
   00191    0.4137 -421858.3512  0.2628
   00192    0.4135 -421941.4935  0.2623
   00193    0.4154 -421852.0875  0.2621
   00194    0.4142 -421630.2846  0.2625
   00195    0.4148 -421842.2293  0.2629
   00196    0.4134 -421889.2116  0.2647
   00197    0.4144 -422017.3268  0.2642
   00198    0.4149 -421955.1849  0.2646
   00199    0.4129 -422144.6080  0.2640
   00200    0.4130 -422041.5505  0.2643
   00201    0.4135 -422118.2483  0.2646
   00202    0.4156 -422321.0270  0.2652
   00203    0.4148 -422083.7705  0.2652
   00204    0.4157 -422021.3614  0.2650
   00205    0.4146 -422210.4926  0.2647
   00206    0.4147 -422235.7264  0.2655
   00207    0.4139 -422238.7859  0.2656
   00208    0.4137 -422316.1056  0.2649
   00209    0.4131 -422344.2318  0.2654
   00210    0.4127 -422481.2697  0.2655
   00211    0.4134 -422340.4404  0.2653
   00212    0.4136 -422324.6382  0.2648
   00213    0.4145 -422472.8331  0.2642
   00214    0.4134 -422576.2308  0.2642
   00215    0.4138 -422551.5558  0.2646
   00216    0.4147 -422527.5029  0.2645
   00217    0.4134 -422525.1646  0.2650
   00218    0.4144 -422557.6284  0.2650
   00219    0.4128 -422491.3235  0.2653
   00220    0.4136 -422591.7803  0.2651
   00221    0.4146 -422621.2739  0.2660
   00222    0.4135 -422849.2961  0.2665
   00223    0.4122 -422594.8569  0.2668
   00224    0.4129 -422516.3458  0.2665
   00225    0.4140 -422548.1390  0.2669
   00226    0.4134 -422677.6333  0.2666
   00227    0.4146 -422484.9285  0.2668
   00228    0.4122 -422540.2682  0.2667
   00229    0.4135 -422477.8085  0.2661
   00230    0.4131 -422297.9522  0.2663
   00231    0.4122 -422458.5252  0.2665
   00232    0.4124 -422778.2958  0.2666
   00233    0.4127 -422415.7088  0.2665
   00234    0.4124 -422613.4471  0.2670
   00235    0.4129 -422412.8031  0.2663
   00236    0.4127 -422610.5185  0.2661
   00237    0.4156 -422585.5109  0.2664
   00238    0.4135 -422626.7677  0.2663
   00239    0.4123 -422695.6555  0.2669
   00240    0.4144 -422743.3792  0.2665
   00241    0.4136 -422800.4809  0.2659
   00242    0.4132 -422967.9084  0.2660
   00243    0.4123 -423133.6691  0.2664
   00244    0.4129 -423199.8428  0.2668
   00245    0.4132 -423281.3403  0.2659
   00246    0.4112 -423308.4176  0.2660
   00247    0.4143 -423132.1702  0.2654
   00248    0.4130 -423092.1836  0.2650
   00249    0.4144 -422927.4510  0.2649
   00250    0.4133 -422954.2456  0.2647
   00251    0.4139 -422907.5840  0.2650
   00252    0.4128 -423130.5446  0.2637
   00253    0.4126 -422924.8875  0.2638
   00254    0.4131 -422812.2871  0.2638
   00255    0.4133 -422960.8456  0.2632
   00256    0.4132 -422958.4652  0.2634
   00257    0.4136 -423024.8732  0.2637
   00258    0.4136 -423193.6626  0.2638
   00259    0.4124 -423286.4134  0.2638
   00260    0.4132 -423232.1619  0.2638
   00261    0.4135 -423391.4078  0.2643
   00262    0.4127 -423266.7129  0.2649
   00263    0.4140 -423305.9302  0.2659
   00264    0.4136 -423202.8421  0.2665
   00265    0.4132 -423081.7492  0.2670
   00266    0.4132 -422883.4300  0.2672
   00267    0.4127 -423134.3603  0.2667
   00268    0.4131 -423006.3476  0.2660
   00269    0.4130 -423243.4563  0.2659
   00270    0.4152 -422967.9116  0.2656
   00271    0.4153 -422949.0215  0.2653
   00272    0.4148 -423277.6980  0.2651
   00273    0.4113 -423504.3379  0.2649
   00274    0.4137 -423178.6673  0.2650
   00275    0.4132 -423307.4172  0.2645
   00276    0.4144 -423445.5253  0.2645
   00277    0.4142 -423218.0601  0.2644
   00278    0.4145 -423072.6662  0.2646
   00279    0.4120 -423283.1088  0.2656
   00280    0.4131 -423172.4575  0.2651
   00281    0.4133 -423317.5505  0.2651
   00282    0.4123 -423284.0427  0.2653
   00283    0.4133 -423439.8717  0.2660
   00284    0.4131 -423491.5830  0.2664
   00285    0.4140 -423568.0161  0.2665
   00286    0.4126 -423180.0567  0.2667
   00287    0.4145 -423761.3498  0.2665
   00288    0.4139 -423798.4890  0.2665
   00289    0.4136 -423996.6653  0.2669
   00290    0.4115 -423981.1198  0.2677
   00291    0.4122 -423902.5222  0.2676
   00292    0.4110 -423824.7565  0.2674
   00293    0.4132 -423881.0301  0.2674
   00294    0.4107 -423839.2879  0.2675
   00295    0.4105 -423921.7664  0.2681
   00296    0.4144 -424182.7924  0.2686
   00297    0.4115 -424329.6309  0.2686
   00298    0.4111 -424323.2856  0.2681
   00299    0.4131 -424409.9205  0.2679
   00300    0.4131 -424205.8369  0.2680
   00301    0.4142 -424005.7747  0.2687
   00302    0.4123 -424091.6937  0.2689
   00303    0.4114 -424032.5558  0.2687
   00304    0.4136 -423948.4829  0.2690
   00305    0.4145 -423761.5876  0.2681
   00306    0.4136 -423916.7928  0.2682
   00307    0.4113 -423821.0927  0.2690
   00308    0.4108 -423854.7151  0.2690
   00309    0.4112 -424071.4754  0.2683
   00310    0.4123 -424084.1255  0.2682
   00311    0.4117 -424063.9992  0.2679
   00312    0.4120 -423840.6991  0.2686
   00313    0.4136 -423856.7021  0.2688
   00314    0.4121 -423829.9164  0.2698
   00315    0.4121 -423951.3937  0.2689
   00316    0.4102 -423972.2802  0.2684
   00317    0.4119 -423940.1663  0.2678
   00318    0.4120 -424109.8205  0.2681
   00319    0.4139 -424402.3132  0.2686
   00320    0.4109 -424212.2097  0.2685
   00321    0.4126 -423982.4599  0.2685
   00322    0.4117 -424354.7213  0.2685
   00323    0.4134 -424182.3344  0.2680
   00324    0.4138 -424228.7245  0.2679
   00325    0.4117 -424278.0838  0.2688
   00326    0.4133 -424170.0955  0.2681
   00327    0.4124 -423953.2143  0.2677
   00328    0.4129 -424263.0384  0.2681
   00329    0.4122 -424367.5160  0.2681
   00330    0.4116 -424570.2471  0.2672
   00331    0.4125 -424585.4045  0.2676
   00332    0.4148 -424095.8746  0.2674
   00333    0.4141 -424175.0986  0.2673
   00334    0.4116 -424207.0887  0.2680
   00335    0.4122 -424096.9330  0.2681
   00336    0.4126 -424062.7660  0.2685
   00337    0.4129 -424199.3948  0.2687
   00338    0.4130 -424163.9432  0.2691
   00339    0.4125 -424201.8472  0.2689
   00340    0.4111 -424262.2994  0.2687
   00341    0.4111 -424128.0357  0.2682
   00342    0.4124 -424193.3927  0.2674
   00343    0.4102 -424340.3445  0.2664
   00344    0.4110 -424274.6894  0.2663
   00345    0.4110 -424127.9254  0.2662
   00346    0.4120 -423986.4695  0.2653
   00347    0.4122 -424102.8306  0.2652
   00348    0.4120 -424123.7957  0.2660
   00349    0.4127 -424237.6358  0.2663
   00350    0.4130 -424627.7596  0.2660
   00351    0.4124 -424529.3924  0.2664
   00352    0.4128 -424211.8770  0.2666
   00353    0.4144 -424158.1824  0.2661
   00354    0.4112 -424353.8360  0.2670
   00355    0.4127 -424387.6429  0.2665
   00356    0.4130 -424447.7740  0.2662
   00357    0.4111 -424562.3671  0.2663
   00358    0.4122 -424511.4542  0.2659
   00359    0.4132 -424592.9259  0.2661
   00360    0.4112 -424803.3447  0.2653
   00361    0.4112 -424837.7280  0.2654
   00362    0.4101 -424783.2074  0.2660
   00363    0.4101 -424799.9295  0.2658
   00364    0.4110 -424709.3634  0.2662
   00365    0.4115 -424672.0528  0.2664
   00366    0.4127 -424914.3053  0.2667
   00367    0.4107 -425131.0077  0.2670
   00368    0.4137 -424982.2102  0.2672
   00369    0.4115 -424897.2929  0.2671
   00370    0.4102 -424986.3180  0.2676
   00371    0.4112 -424844.2942  0.2676
   00372    0.4109 -424693.5188  0.2676
   00373    0.4122 -424806.7792  0.2676
   00374    0.4107 -424629.8011  0.2670
   00375    0.4121 -424745.2346  0.2672
   00376    0.4112 -424816.1154  0.2671
   00377    0.4126 -424734.4576  0.2673
   00378    0.4120 -424906.3743  0.2673
   00379    0.4130 -424655.7671  0.2675
   00380    0.4121 -424646.5879  0.2669
   00381    0.4113 -424780.3425  0.2672
   00382    0.4132 -425144.7625  0.2681
   00383    0.4123 -425315.2351  0.2684
   00384    0.4096 -425176.0261  0.2686
   00385    0.4120 -425043.4148  0.2688
   00386    0.4124 -424976.8643  0.2685
   00387    0.4108 -424874.6370  0.2684
   00388    0.4121 -425031.2183  0.2679
   00389    0.4142 -425028.7929  0.2682
   00390    0.4120 -424826.9528  0.2680
   00391    0.4108 -424683.0341  0.2675
   00392    0.4132 -424926.7518  0.2670
   00393    0.4128 -424946.9674  0.2671
   00394    0.4133 -425061.0334  0.2671
   00395    0.4108 -425176.3273  0.2669
   00396    0.4117 -424929.7567  0.2674
   00397    0.4119 -425024.9012  0.2674
   00398    0.4127 -424801.7366  0.2683
   00399    0.4118 -424774.2335  0.2680
   00400    0.4105 -424895.1057  0.2683
   00401    0.4103 -425110.5437  0.2682
   00402    0.4123 -425108.1135  0.2681
   00403    0.4124 -424865.1590  0.2678
   00404    0.4109 -424619.1967  0.2676
   00405    0.4120 -424731.8372  0.2666
   00406    0.4109 -424585.8358  0.2659
   00407    0.4106 -424844.4524  0.2660
   00408    0.4102 -424690.1102  0.2663
   00409    0.4110 -424856.0347  0.2673
   00410    0.4127 -425251.1002  0.2670
   00411    0.4127 -425073.5596  0.2668
   00412    0.4129 -425132.5353  0.2673
   00413    0.4123 -425046.9503  0.2670
   00414    0.4109 -424866.3381  0.2671
   00415    0.4104 -424802.5967  0.2674
   00416    0.4110 -425196.5890  0.2680
   00417    0.4104 -425217.6021  0.2684
   00418    0.4106 -425232.2688  0.2687
   00419    0.4114 -425056.5339  0.2689
   00420    0.4106 -425253.5737  0.2692
   00421    0.4108 -425232.0410  0.2687
   00422    0.4116 -425492.9643  0.2688
   00423    0.4132 -425444.2786  0.2683
   00424    0.4109 -425369.2702  0.2681
   00425    0.4115 -425104.6764  0.2680
   00426    0.4122 -425415.6645  0.2685
   00427    0.4123 -425387.2084  0.2687
   00428    0.4112 -425145.9033  0.2689
   00429    0.4114 -425114.8770  0.2698
   00430    0.4124 -424985.6276  0.2701
   00431    0.4111 -424960.6729  0.2707
   00432    0.4109 -425197.4484  0.2705
   00433    0.4134 -425266.4886  0.2704
   00434    0.4105 -424985.3814  0.2706
   00435    0.4115 -425115.4038  0.2713
   00436    0.4104 -425211.4339  0.2705
   00437    0.4121 -425405.3423  0.2706
   00438    0.4119 -425342.9076  0.2701
   00439    0.4099 -425249.2057  0.2707
   00440    0.4133 -425055.5973  0.2713
   00441    0.4129 -425224.6673  0.2713
   00442    0.4118 -425241.9621  0.2708
   00443    0.4114 -425226.5986  0.2705
   00444    0.4120 -425538.2515  0.2711
   00445    0.4105 -425510.4308  0.2711
   00446    0.4102 -425415.4507  0.2712
   00447    0.4122 -425474.1008  0.2716
   00448    0.4129 -425331.3047  0.2720
   00449    0.4125 -425301.8908  0.2723
   00450    0.4107 -425144.3594  0.2725
   00451    0.4097 -425200.8985  0.2726
   00452    0.4106 -425186.0679  0.2722
   00453    0.4115 -425514.8096  0.2727
   00454    0.4132 -425377.1614  0.2728
   00455    0.4123 -425363.8102  0.2726
   00456    0.4112 -425451.0441  0.2724
   00457    0.4133 -425316.6775  0.2723
   00458    0.4125 -425368.0391  0.2721
   00459    0.4113 -425287.3570  0.2725
   00460    0.4117 -425400.5369  0.2737
   00461    0.4118 -425377.1053  0.2737
   00462    0.4130 -425460.8183  0.2739
   00463    0.4119 -425661.2584  0.2738
   00464    0.4114 -425471.1019  0.2736
   00465    0.4126 -425502.4340  0.2734
   00466    0.4143 -425275.3571  0.2732
   00467    0.4114 -425345.2237  0.2723
   00468    0.4113 -425233.6395  0.2728
   00469    0.4107 -425463.6305  0.2724
   00470    0.4116 -425403.7570  0.2725
   00471    0.4140 -425410.7411  0.2721
   00472    0.4129 -425387.1457  0.2726
   00473    0.4118 -425415.2150  0.2730
   00474    0.4124 -425554.8264  0.2727
   00475    0.4130 -425507.9360  0.2719
   00476    0.4117 -425475.3509  0.2718
   00477    0.4118 -425716.5545  0.2711
   00478    0.4100 -425661.5302  0.2706
   00479    0.4112 -425642.3245  0.2697
   00480    0.4114 -425330.7960  0.2694
   00481    0.4125 -425390.3919  0.2685
   00482    0.4125 -425500.3693  0.2680
   00483    0.4101 -425400.1385  0.2676
   00484    0.4115 -425574.2610  0.2672
   00485    0.4116 -425526.9015  0.2669
   00486    0.4119 -425564.3651  0.2676
   00487    0.4129 -425494.7047  0.2680
   00488    0.4102 -425656.4665  0.2678
   00489    0.4103 -425788.8254  0.2684
   00490    0.4106 -425654.2272  0.2683
   00491    0.4114 -425896.4860  0.2679
   00492    0.4096 -426003.0966  0.2677
   00493    0.4113 -426140.3397  0.2679
   00494    0.4087 -426289.5703  0.2679
   00495    0.4099 -426117.4880  0.2680
   00496    0.4120 -425966.5837  0.2681
   00497    0.4107 -426050.8044  0.2683
   00498    0.4093 -426166.1513  0.2681
   00499    0.4119 -426065.1646  0.2684
   00500    0.4112 -426176.0184  0.2682
