#=====================================================
# File created:        Sat-01-Nov-2025-at-08-54-54AM
# Size of lattice:     50x50
# Number of MC steps:  250
# Reduced temperature: 0.500
# Run time (s):        0.779774
#=====================================================
# MC step:  Ratio:     Energy:   Order:
#=====================================================
   00000    0.5000   -2589.6708  0.2590
   00001    0.6896   -3795.7870  0.2552
   00002    0.6076   -4567.2723  0.2541
   00003    0.5620   -5133.4934  0.2737
   00004    0.5776   -5602.3000  0.2713
   00005    0.5236   -5948.5766  0.2737
   00006    0.5184   -6236.4445  0.2713
   00007    0.5020   -6477.0835  0.2791
   00008    0.4816   -6658.2163  0.2912
   00009    0.4676   -6819.1186  0.2897
   00010    0.4844   -6946.9146  0.2919
   00011    0.4704   -7059.8604  0.2925
   00012    0.4648   -7219.3323  0.2915
   00013    0.4644   -7306.4401  0.2957
   00014    0.4544   -7383.5213  0.2889
   00015    0.4532   -7440.9073  0.2839
   00016    0.4572   -7465.1449  0.2855
   00017    0.4512   -7496.6692  0.2836
   00018    0.4444   -7562.8976  0.2879
   00019    0.4376   -7623.8003  0.2890
   00020    0.4384   -7646.3537  0.2932
   00021    0.4304   -7700.4536  0.3010
   00022    0.4400   -7737.4282  0.3060
   00023    0.4352   -7793.1631  0.3065
   00024    0.4328   -7860.3646  0.3029
   00025    0.4280   -7852.2168  0.3005
   00026    0.4152   -7905.1427  0.3075
   00027    0.4288   -7912.7932  0.3056
   00028    0.4404   -7909.9695  0.3085
   00029    0.4444   -7922.3256  0.3142
   00030    0.4248   -7949.7778  0.3184
   00031    0.4144   -7944.3258  0.3202
   00032    0.4184   -7982.4603  0.3209
   00033    0.4484   -7991.6828  0.3163
   00034    0.4352   -7996.8669  0.3255
   00035    0.4268   -8001.2969  0.3198
   00036    0.4240   -8019.2459  0.3237
   00037    0.4432   -8104.1176  0.3248
   00038    0.4216   -8120.6380  0.3254
   00039    0.4200   -8123.4319  0.3298
   00040    0.4292   -8089.5709  0.3315
   00041    0.4328   -8087.9087  0.3341
   00042    0.4228   -8128.8498  0.3279
   00043    0.4272   -8118.6977  0.3271
   00044    0.4276   -8109.3110  0.3276
   00045    0.4380   -8173.6123  0.3280
   00046    0.4272   -8156.9633  0.3367
   00047    0.4232   -8139.1691  0.3298
   00048    0.4108   -8148.5640  0.3283
   00049    0.4168   -8173.6909  0.3267
   00050    0.4236   -8159.2200  0.3242
   00051    0.4276   -8192.0194  0.3254
   00052    0.4416   -8180.3198  0.3302
   00053    0.4304   -8186.6435  0.3257
   00054    0.4244   -8182.0769  0.3256
   00055    0.4328   -8228.5638  0.3248
   00056    0.4204   -8216.2179  0.3209
   00057    0.4068   -8223.1637  0.3227
   00058    0.4008   -8222.4476  0.3235
   00059    0.4208   -8240.7622  0.3232
   00060    0.4192   -8218.6738  0.3257
   00061    0.4236   -8261.5326  0.3235
   00062    0.4100   -8232.1066  0.3244
   00063    0.4040   -8180.0619  0.3192
   00064    0.4228   -8192.8805  0.3178
   00065    0.4012   -8240.3560  0.3156
   00066    0.4156   -8201.6625  0.3102
   00067    0.4232   -8201.3010  0.3118
   00068    0.4112   -8174.5738  0.3078
   00069    0.4128   -8243.3546  0.3144
   00070    0.4160   -8290.1851  0.3208
   00071    0.4116   -8310.3912  0.3201
   00072    0.4224   -8337.4426  0.3220
   00073    0.4088   -8319.6848  0.3200
   00074    0.4192   -8329.6231  0.3247
   00075    0.4164   -8338.7597  0.3279
   00076    0.4148   -8333.8056  0.3325
   00077    0.4316   -8308.4819  0.3330
   00078    0.4276   -8327.2505  0.3321
   00079    0.4344   -8314.4644  0.3363
   00080    0.4276   -8324.5734  0.3367
   00081    0.4176   -8339.3814  0.3397
   00082    0.4084   -8332.2027  0.3402
   00083    0.4016   -8337.8275  0.3380
   00084    0.4264   -8346.8523  0.3332
   00085    0.4100   -8370.5509  0.3394
   00086    0.4228   -8361.5514  0.3436
   00087    0.4176   -8383.7890  0.3374
   00088    0.4096   -8354.4652  0.3367
   00089    0.4240   -8335.4662  0.3360
   00090    0.4208   -8373.5289  0.3345
   00091    0.4124   -8353.3683  0.3347
   00092    0.4252   -8313.8698  0.3418
   00093    0.4192   -8297.2101  0.3365
   00094    0.4096   -8310.2835  0.3335
   00095    0.4168   -8311.1938  0.3328
   00096    0.3996   -8322.9374  0.3333
   00097    0.4168   -8305.4628  0.3348
   00098    0.4104   -8337.0145  0.3349
   00099    0.4104   -8313.5351  0.3343
   00100    0.4188   -8344.7138  0.3381
   00101    0.4084   -8344.0737  0.3401
   00102    0.4176   -8350.5897  0.3404
   00103    0.4316   -8312.3169  0.3362
   00104    0.4220   -8317.9777  0.3418
   00105    0.4148   -8309.6142  0.3450
   00106    0.4264   -8314.7906  0.3500
   00107    0.4136   -8363.9146  0.3506
   00108    0.4336   -8395.7572  0.3512
   00109    0.4256   -8416.8952  0.3534
   00110    0.4116   -8401.1358  0.3536
   00111    0.4100   -8367.8522  0.3507
   00112    0.4060   -8354.9391  0.3504
   00113    0.4208   -8349.3360  0.3538
   00114    0.4336   -8383.9144  0.3535
   00115    0.4296   -8364.3786  0.3545
   00116    0.4152   -8414.3537  0.3549
   00117    0.4308   -8424.5732  0.3625
   00118    0.4288   -8393.4085  0.3572
   00119    0.4324   -8400.2730  0.3516
   00120    0.4320   -8402.1406  0.3542
   00121    0.4312   -8423.2495  0.3542
   00122    0.4052   -8423.3560  0.3537
   00123    0.4208   -8387.7474  0.3562
   00124    0.4096   -8431.1788  0.3634
   00125    0.4292   -8468.2905  0.3667
   00126    0.4016   -8397.6598  0.3663
   00127    0.4248   -8408.9041  0.3652
   00128    0.4060   -8402.5763  0.3730
   00129    0.4152   -8419.1268  0.3786
   00130    0.4160   -8445.1534  0.3827
   00131    0.4036   -8427.4390  0.3791
   00132    0.4244   -8431.5838  0.3838
   00133    0.4052   -8427.4546  0.3844
   00134    0.4216   -8412.2972  0.3884
   00135    0.4180   -8394.3734  0.3886
   00136    0.4192   -8397.4874  0.3990
   00137    0.4184   -8422.1323  0.3959
   00138    0.4044   -8426.4888  0.3948
   00139    0.4180   -8403.0156  0.3918
   00140    0.4044   -8381.9571  0.3980
   00141    0.4068   -8410.3903  0.4024
   00142    0.4172   -8405.6346  0.4050
   00143    0.4176   -8424.8332  0.4069
   00144    0.4100   -8399.9561  0.4084
   00145    0.4100   -8395.6961  0.4110
   00146    0.4044   -8412.8521  0.4097
   00147    0.4148   -8452.1706  0.4103
   00148    0.4176   -8429.2978  0.4165
   00149    0.4184   -8469.3016  0.4185
   00150    0.4252   -8417.2602  0.4199
   00151    0.4272   -8434.7599  0.4197
   00152    0.4116   -8404.1994  0.4207
   00153    0.4188   -8424.1245  0.4221
   00154    0.4004   -8442.3624  0.4246
   00155    0.4336   -8430.7040  0.4265
   00156    0.4228   -8402.7151  0.4285
   00157    0.4192   -8442.9145  0.4255
   00158    0.3996   -8416.1586  0.4281
   00159    0.4244   -8426.2353  0.4244
   00160    0.4132   -8430.5281  0.4197
   00161    0.4232   -8455.5054  0.4163
   00162    0.4068   -8470.0710  0.4172
   00163    0.4184   -8451.9787  0.4198
   00164    0.4076   -8443.0343  0.4213
   00165    0.4148   -8445.5915  0.4185
   00166    0.4152   -8417.2581  0.4222
   00167    0.4096   -8372.9071  0.4187
   00168    0.4156   -8380.9567  0.4250
   00169    0.4212   -8441.0769  0.4324
   00170    0.4088   -8425.2350  0.4352
   00171    0.4244   -8418.4591  0.4337
   00172    0.4308   -8453.1851  0.4371
   00173    0.4076   -8463.8125  0.4403
   00174    0.4232   -8474.9564  0.4425
   00175    0.4212   -8448.1637  0.4391
   00176    0.4168   -8500.8078  0.4438
   00177    0.4036   -8523.4201  0.4442
   00178    0.4132   -8493.2398  0.4395
   00179    0.4092   -8484.8477  0.4475
   00180    0.4128   -8505.8998  0.4429
   00181    0.3928   -8468.9464  0.4386
   00182    0.4056   -8511.5209  0.4405
   00183    0.4040   -8505.6882  0.4395
   00184    0.4108   -8488.3257  0.4389
   00185    0.4180   -8514.7966  0.4452
   00186    0.4296   -8464.7980  0.4495
   00187    0.4000   -8500.7760  0.4548
   00188    0.4060   -8535.2981  0.4496
   00189    0.4076   -8518.7288  0.4526
   00190    0.4072   -8523.4328  0.4514
   00191    0.4176   -8535.1281  0.4588
   00192    0.4344   -8482.3278  0.4609
   00193    0.4272   -8470.8588  0.4590
   00194    0.4032   -8519.8701  0.4647
   00195    0.4008   -8501.6618  0.4693
   00196    0.4276   -8485.5101  0.4723
   00197    0.4112   -8466.7988  0.4789
   00198    0.4084   -8488.8701  0.4829
   00199    0.4280   -8504.6722  0.4866
   00200    0.3904   -8474.1560  0.4845
   00201    0.4184   -8507.1328  0.4812
   00202    0.4168   -8495.8369  0.4810
   00203    0.4128   -8517.9579  0.4826
   00204    0.4108   -8525.6158  0.4863
   00205    0.4164   -8536.1892  0.4863
   00206    0.4116   -8543.5217  0.4761
   00207    0.4160   -8504.3624  0.4726
   00208    0.4212   -8501.3651  0.4746
   00209    0.4312   -8552.9900  0.4767
   00210    0.4108   -8541.0092  0.4809
   00211    0.4328   -8503.4706  0.4802
   00212    0.4144   -8490.0952  0.4786
   00213    0.4184   -8495.1756  0.4774
   00214    0.4004   -8508.4333  0.4758
   00215    0.4080   -8436.0766  0.4746
   00216    0.4176   -8480.5391  0.4705
   00217    0.4184   -8443.6006  0.4740
   00218    0.4208   -8416.5012  0.4703
   00219    0.4300   -8409.7592  0.4749
   00220    0.4028   -8418.4932  0.4791
   00221    0.4100   -8450.0382  0.4803
   00222    0.4156   -8449.1881  0.4746
   00223    0.4076   -8439.1583  0.4759
   00224    0.4208   -8461.3521  0.4821
   00225    0.4132   -8507.4145  0.4779
   00226    0.4016   -8476.2385  0.4850
   00227    0.4256   -8471.3094  0.4849
   00228    0.4088   -8514.1982  0.4887
   00229    0.4184   -8544.0176  0.4940
   00230    0.4172   -8522.5615  0.4890
   00231    0.4264   -8491.1719  0.4871
   00232    0.4124   -8499.7364  0.4885
   00233    0.4164   -8520.8623  0.4867
   00234    0.4168   -8529.3210  0.4842
   00235    0.4124   -8517.2803  0.4811
   00236    0.4136   -8528.0191  0.4841
   00237    0.4076   -8527.9995  0.4864
   00238    0.4076   -8496.4876  0.4899
   00239    0.4100   -8507.5174  0.4918
   00240    0.4156   -8507.2131  0.4925
   00241    0.4160   -8519.3235  0.4959
   00242    0.4228   -8494.9086  0.4900
   00243    0.4176   -8468.0437  0.4866
   00244    0.4000   -8467.9043  0.4819
   00245    0.4080   -8432.9313  0.4843
   00246    0.3944   -8437.6305  0.4844
   00247    0.4204   -8421.4517  0.4898
   00248    0.4140   -8416.8246  0.4896
   00249    0.4288   -8419.9143  0.4985
   00250    0.4036   -8420.6949  0.5015
