#=====================================================
# File created:        Wed-29-Oct-2025-at-11-34-25AM
# Size of lattice:     500x500
# Number of MC steps:  500
# Reduced temperature: 0.500
# Run time (s):        17.124517
#=====================================================
# MC step:  Ratio:     Energy:   Order:
#=====================================================
   00000    0.5000 -250266.7629  0.2510
   00001    0.6221 -471738.6143  0.2517
   00002    0.5781 -530899.7056  0.2528
   00003    0.5516 -575461.1875  0.2542
   00004    0.5285 -610309.9241  0.2539
   00005    0.5118 -638197.5043  0.2540
   00006    0.4994 -660507.8606  0.2543
   00007    0.4899 -679196.9081  0.2536
   00008    0.4798 -695006.8823  0.2537
   00009    0.4752 -708467.3069  0.2547
   00010    0.4694 -719588.6759  0.2548
   00011    0.4607 -728315.3730  0.2550
   00012    0.4605 -736576.0030  0.2554
   00013    0.4571 -744031.4598  0.2568
   00014    0.4542 -750666.9808  0.2574
   00015    0.4498 -757261.4892  0.2577
   00016    0.4489 -761647.5075  0.2583
   00017    0.4442 -766607.4600  0.2589
   00018    0.4438 -771113.3003  0.2592
   00019    0.4405 -774835.5456  0.2602
   00020    0.4405 -778390.2250  0.2601
   00021    0.4395 -781037.9137  0.2604
   00022    0.4371 -784106.2468  0.2603
   00023    0.4374 -786540.2963  0.2612
   00024    0.4334 -788903.7905  0.2617
   00025    0.4337 -791321.2369  0.2622
   00026    0.4341 -793087.4841  0.2620
   00027    0.4329 -794944.2199  0.2618
   00028    0.4318 -796942.3273  0.2621
   00029    0.4328 -798716.7814  0.2624
   00030    0.4313 -799776.2337  0.2629
   00031    0.4311 -801283.6985  0.2635
   00032    0.4304 -802340.7367  0.2635
   00033    0.4324 -803511.6514  0.2634
   00034    0.4296 -804879.9271  0.2639
   00035    0.4306 -806198.4117  0.2642
   00036    0.4279 -807519.5468  0.2645
   00037    0.4282 -808918.9628  0.2648
   00038    0.4264 -810061.1499  0.2658
   00039    0.4278 -810311.9146  0.2665
   00040    0.4271 -811495.1441  0.2672
   00041    0.4254 -811964.4682  0.2664
   00042    0.4247 -812880.7489  0.2661
   00043    0.4259 -813749.1976  0.2666
   00044    0.4245 -814551.1614  0.2660
   00045    0.4262 -815230.1023  0.2662
   00046    0.4258 -815190.0347  0.2666
   00047    0.4238 -816085.7020  0.2666
   00048    0.4248 -816854.9059  0.2662
   00049    0.4236 -817782.6819  0.2663
   00050    0.4241 -818610.5043  0.2669
   00051    0.4227 -818888.8135  0.2667
   00052    0.4229 -820036.9424  0.2671
   00053    0.4217 -820365.6344  0.2669
   00054    0.4226 -820526.4796  0.2676
   00055    0.4231 -820304.1380  0.2681
   00056    0.4228 -820664.6423  0.2685
   00057    0.4223 -821361.8874  0.2689
   00058    0.4221 -822297.1036  0.2682
   00059    0.4225 -822603.4210  0.2687
   00060    0.4205 -823653.8236  0.2688
   00061    0.4213 -823783.7308  0.2686
   00062    0.4215 -824055.7340  0.2679
   00063    0.4213 -824731.3712  0.2673
   00064    0.4211 -825198.7890  0.2676
   00065    0.4209 -825286.2547  0.2676
   00066    0.4207 -826198.4861  0.2671
   00067    0.4201 -826996.0395  0.2671
   00068    0.4201 -827110.1515  0.2675
   00069    0.4191 -827036.8601  0.2673
   00070    0.4195 -827731.7771  0.2670
   00071    0.4206 -828214.6365  0.2674
   00072    0.4185 -828362.7606  0.2663
   00073    0.4199 -828238.8615  0.2662
   00074    0.4198 -828453.3304  0.2657
   00075    0.4189 -828588.1394  0.2656
   00076    0.4197 -829209.1863  0.2662
   00077    0.4195 -829627.9784  0.2661
   00078    0.4185 -830128.6373  0.2664
   00079    0.4193 -830196.8919  0.2673
   00080    0.4189 -830262.0524  0.2671
   00081    0.4176 -830716.5863  0.2674
   00082    0.4207 -830696.5518  0.2676
   00083    0.4179 -831104.4031  0.2678
   00084    0.4180 -830926.1805  0.2675
   00085    0.4191 -831352.9310  0.2671
   00086    0.4176 -831625.4804  0.2665
   00087    0.4174 -832173.0845  0.2663
   00088    0.4175 -832817.5404  0.2667
   00089    0.4175 -832835.3370  0.2670
   00090    0.4164 -832553.2092  0.2673
   00091    0.4187 -833022.6040  0.2668
   00092    0.4193 -833509.2454  0.2667
   00093    0.4186 -834110.6544  0.2665
   00094    0.4183 -834278.5212  0.2664
   00095    0.4162 -834648.2446  0.2665
   00096    0.4173 -834933.2812  0.2672
   00097    0.4176 -835312.3692  0.2666
   00098    0.4185 -834955.6320  0.2668
   00099    0.4170 -835576.9299  0.2667
   00100    0.4169 -835756.9260  0.2668
   00101    0.4177 -835666.8464  0.2665
   00102    0.4162 -835053.5585  0.2678
   00103    0.4152 -835027.4548  0.2687
   00104    0.4182 -835070.6416  0.2676
   00105    0.4175 -835104.4327  0.2676
   00106    0.4163 -835947.4581  0.2673
   00107    0.4158 -836069.2737  0.2676
   00108    0.4181 -836715.0113  0.2672
   00109    0.4171 -836255.9963  0.2670
   00110    0.4166 -836132.5152  0.2668
   00111    0.4171 -836551.1231  0.2667
   00112    0.4155 -837026.0802  0.2668
   00113    0.4188 -837393.3420  0.2665
   00114    0.4167 -837211.2394  0.2661
   00115    0.4161 -837613.7093  0.2662
   00116    0.4160 -837588.7824  0.2655
   00117    0.4164 -837365.7052  0.2650
   00118    0.4179 -837768.9079  0.2641
   00119    0.4155 -837852.4464  0.2643
   00120    0.4156 -837935.7625  0.2648
   00121    0.4166 -837458.7999  0.2650
   00122    0.4159 -837932.1418  0.2650
   00123    0.4158 -838296.6766  0.2648
   00124    0.4162 -838509.3596  0.2644
   00125    0.4158 -838183.3112  0.2643
   00126    0.4148 -838751.8492  0.2642
   00127    0.4159 -838468.4272  0.2647
   00128    0.4153 -838822.0253  0.2650
   00129    0.4140 -838941.7455  0.2653
   00130    0.4141 -839292.8842  0.2650
   00131    0.4142 -839211.1237  0.2650
   00132    0.4155 -839406.9297  0.2654
   00133    0.4167 -839430.0671  0.2651
   00134    0.4153 -839580.8717  0.2653
   00135    0.4150 -839978.1432  0.2651
   00136    0.4150 -840252.9591  0.2645
   00137    0.4167 -840444.8374  0.2640
   00138    0.4136 -840419.1891  0.2639
   00139    0.4141 -840517.8237  0.2640
   00140    0.4155 -840850.2852  0.2624
   00141    0.4129 -840637.7378  0.2624
   00142    0.4168 -840537.3099  0.2630
   00143    0.4137 -840707.8906  0.2627
   00144    0.4143 -840864.0291  0.2627
   00145    0.4143 -840825.8331  0.2633
   00146    0.4146 -841058.3769  0.2636
   00147    0.4156 -841268.6435  0.2632
   00148    0.4159 -841321.6863  0.2636
   00149    0.4156 -841267.8353  0.2634
   00150    0.4139 -841633.7216  0.2638
   00151    0.4141 -841831.9344  0.2641
   00152    0.4145 -841509.0221  0.2638
   00153    0.4152 -841671.4494  0.2637
   00154    0.4145 -841979.7484  0.2633
   00155    0.4141 -841933.4236  0.2636
   00156    0.4137 -842115.7770  0.2642
   00157    0.4143 -842024.9104  0.2637
   00158    0.4146 -842184.4320  0.2635
   00159    0.4178 -841625.4935  0.2633
   00160    0.4150 -841495.8196  0.2634
   00161    0.4151 -841309.1586  0.2639
   00162    0.4137 -841956.1741  0.2636
   00163    0.4152 -842019.7773  0.2632
   00164    0.4137 -841970.6312  0.2631
   00165    0.4155 -842326.5531  0.2634
   00166    0.4148 -842390.8334  0.2629
   00167    0.4144 -842455.3281  0.2631
   00168    0.4136 -842739.1517  0.2633
   00169    0.4141 -842671.3772  0.2633
   00170    0.4148 -842737.6656  0.2634
   00171    0.4117 -842631.1916  0.2628
   00172    0.4152 -842431.8178  0.2633
   00173    0.4143 -842849.5767  0.2638
   00174    0.4156 -842767.5506  0.2639
   00175    0.4146 -842494.8657  0.2640
   00176    0.4142 -842224.1642  0.2648
   00177    0.4130 -842187.2503  0.2650
   00178    0.4158 -842125.5766  0.2650
   00179    0.4141 -842918.1881  0.2647
   00180    0.4147 -842839.2230  0.2648
   00181    0.4148 -842570.2760  0.2656
   00182    0.4156 -842735.3806  0.2658
   00183    0.4143 -843013.4563  0.2653
   00184    0.4155 -843389.6938  0.2653
   00185    0.4132 -843419.4199  0.2652
   00186    0.4144 -843623.3255  0.2651
   00187    0.4148 -843838.1472  0.2653
   00188    0.4156 -843453.4347  0.2647
   00189    0.4139 -844016.7982  0.2646
   00190    0.4157 -843942.8459  0.2643
   00191    0.4137 -843667.6596  0.2645
   00192    0.4120 -843638.2319  0.2650
   00193    0.4133 -844045.2216  0.2654
   00194    0.4128 -844303.4474  0.2655
   00195    0.4154 -844004.0704  0.2662
   00196    0.4127 -843738.1563  0.2668
   00197    0.4139 -843360.8302  0.2665
   00198    0.4141 -843068.1927  0.2669
   00199    0.4119 -843606.5439  0.2675
   00200    0.4139 -844244.1495  0.2670
   00201    0.4143 -844541.6466  0.2668
   00202    0.4132 -844620.3467  0.2670
   00203    0.4139 -844483.7392  0.2668
   00204    0.4137 -844263.9550  0.2665
   00205    0.4126 -844294.0446  0.2666
   00206    0.4139 -844190.1868  0.2666
   00207    0.4144 -844107.3895  0.2663
   00208    0.4134 -844654.5180  0.2667
   00209    0.4139 -844603.6900  0.2664
   00210    0.4135 -844489.9379  0.2672
   00211    0.4135 -844831.6005  0.2670
   00212    0.4146 -844295.9377  0.2672
   00213    0.4159 -844539.9753  0.2677
   00214    0.4140 -844717.7372  0.2677
   00215    0.4145 -844812.8277  0.2676
   00216    0.4143 -844772.3789  0.2676
   00217    0.4140 -845209.7417  0.2672
   00218    0.4136 -845398.2300  0.2671
   00219    0.4139 -845754.0184  0.2667
   00220    0.4137 -845692.0471  0.2656
   00221    0.4145 -845581.0857  0.2644
   00222    0.4119 -845390.4047  0.2638
   00223    0.4134 -845496.3601  0.2636
   00224    0.4145 -845456.1469  0.2641
   00225    0.4139 -845153.3969  0.2638
   00226    0.4131 -845489.8478  0.2635
   00227    0.4118 -845341.9058  0.2633
   00228    0.4149 -845537.1746  0.2635
   00229    0.4142 -845450.3645  0.2638
   00230    0.4142 -845543.4710  0.2639
   00231    0.4123 -846173.6340  0.2652
   00232    0.4135 -845886.6837  0.2658
   00233    0.4120 -845691.7699  0.2658
   00234    0.4145 -844896.9514  0.2655
   00235    0.4151 -845324.3672  0.2656
   00236    0.4142 -846032.2247  0.2652
   00237    0.4141 -846480.6863  0.2655
   00238    0.4156 -846025.2814  0.2650
   00239    0.4129 -845849.2388  0.2652
   00240    0.4123 -845605.7054  0.2645
   00241    0.4139 -845487.9256  0.2654
   00242    0.4128 -846276.5696  0.2648
   00243    0.4120 -846057.6657  0.2649
   00244    0.4138 -846040.5049  0.2654
   00245    0.4123 -846309.0835  0.2659
   00246    0.4141 -846360.4058  0.2662
   00247    0.4130 -846336.6924  0.2669
   00248    0.4121 -846887.8343  0.2667
   00249    0.4133 -846333.0032  0.2671
   00250    0.4118 -846473.3667  0.2673
   00251    0.4127 -846319.8141  0.2675
   00252    0.4139 -846578.5827  0.2675
   00253    0.4132 -846496.9665  0.2677
   00254    0.4127 -846977.5515  0.2671
   00255    0.4141 -846800.4879  0.2674
   00256    0.4107 -846782.3564  0.2672
   00257    0.4121 -846677.9445  0.2672
   00258    0.4119 -846851.5317  0.2676
   00259    0.4130 -846824.7031  0.2672
   00260    0.4148 -846427.9636  0.2675
   00261    0.4117 -846178.2055  0.2675
   00262    0.4121 -846200.2350  0.2675
   00263    0.4126 -846929.6150  0.2672
   00264    0.4135 -847072.9952  0.2671
   00265    0.4124 -846982.0715  0.2675
   00266    0.4139 -847196.9390  0.2674
   00267    0.4143 -847137.8343  0.2670
   00268    0.4126 -847373.5442  0.2670
   00269    0.4130 -846702.7223  0.2666
   00270    0.4116 -846703.5844  0.2668
   00271    0.4122 -846304.9865  0.2669
   00272    0.4129 -846425.2400  0.2668
   00273    0.4134 -846618.1805  0.2668
   00274    0.4140 -847330.3592  0.2674
   00275    0.4137 -846870.1664  0.2677
   00276    0.4156 -847215.1469  0.2669
   00277    0.4126 -847171.2333  0.2666
   00278    0.4149 -847498.7621  0.2660
   00279    0.4144 -847878.9513  0.2669
   00280    0.4115 -847816.0521  0.2666
   00281    0.4125 -847354.5861  0.2669
   00282    0.4109 -847281.1325  0.2663
   00283    0.4135 -847443.8216  0.2670
   00284    0.4133 -847598.0084  0.2677
   00285    0.4129 -847445.2211  0.2675
   00286    0.4118 -847728.3534  0.2680
   00287    0.4114 -848052.1202  0.2671
   00288    0.4141 -847757.7220  0.2673
   00289    0.4130 -847987.7615  0.2675
   00290    0.4118 -847827.5696  0.2673
   00291    0.4129 -847697.3350  0.2670
   00292    0.4116 -847978.9698  0.2675
   00293    0.4135 -847658.6216  0.2672
   00294    0.4119 -848162.3181  0.2671
   00295    0.4124 -848335.2259  0.2666
   00296    0.4124 -848153.0586  0.2668
   00297    0.4124 -848179.2322  0.2668
   00298    0.4138 -847889.9201  0.2668
   00299    0.4125 -848121.2488  0.2668
   00300    0.4124 -847945.9323  0.2661
   00301    0.4118 -848214.3211  0.2667
   00302    0.4124 -848539.7468  0.2664
   00303    0.4131 -848683.9981  0.2663
   00304    0.4124 -849048.8890  0.2657
   00305    0.4120 -848903.7337  0.2659
   00306    0.4112 -848538.0504  0.2653
   00307    0.4121 -848294.1378  0.2649
   00308    0.4137 -848023.6093  0.2650
   00309    0.4129 -848150.2401  0.2652
   00310    0.4131 -848057.2801  0.2650
   00311    0.4119 -848235.5582  0.2642
   00312    0.4126 -848379.2931  0.2641
   00313    0.4123 -848017.3274  0.2640
   00314    0.4143 -848082.2405  0.2644
   00315    0.4118 -848580.1337  0.2644
   00316    0.4104 -848600.2449  0.2650
   00317    0.4132 -848262.0053  0.2659
   00318    0.4113 -847837.5734  0.2664
   00319    0.4123 -848111.0921  0.2669
   00320    0.4113 -848616.1318  0.2661
   00321    0.4118 -848982.1721  0.2662
   00322    0.4113 -848940.0271  0.2655
   00323    0.4107 -849080.3133  0.2646
   00324    0.4130 -849068.6943  0.2650
   00325    0.4117 -849049.6537  0.2649
   00326    0.4137 -849406.3547  0.2654
   00327    0.4098 -849156.3446  0.2656
   00328    0.4112 -848769.9083  0.2666
   00329    0.4114 -849273.3642  0.2674
   00330    0.4117 -849191.7413  0.2671
   00331    0.4135 -848914.6493  0.2667
   00332    0.4116 -848556.6205  0.2678
   00333    0.4125 -848851.5148  0.2682
   00334    0.4121 -848417.0003  0.2683
   00335    0.4130 -848013.6626  0.2686
   00336    0.4128 -848704.9238  0.2685
   00337    0.4131 -848877.2638  0.2687
   00338    0.4108 -849383.5146  0.2685
   00339    0.4119 -849311.5912  0.2676
   00340    0.4127 -848796.2379  0.2678
   00341    0.4110 -849426.8326  0.2679
   00342    0.4120 -849526.2197  0.2679
   00343    0.4131 -849664.7008  0.2682
   00344    0.4122 -849485.1361  0.2686
   00345    0.4110 -849842.6559  0.2695
   00346    0.4108 -849776.5530  0.2695
   00347    0.4106 -849217.0092  0.2695
   00348    0.4115 -849160.9840  0.2692
   00349    0.4127 -849540.2888  0.2691
   00350    0.4105 -849314.6517  0.2692
   00351    0.4123 -849226.1159  0.2694
   00352    0.4133 -848792.5881  0.2695
   00353    0.4144 -848797.4904  0.2701
   00354    0.4132 -848869.3206  0.2701
   00355    0.4110 -849264.0438  0.2699
   00356    0.4114 -849518.7565  0.2699
   00357    0.4118 -849356.6622  0.2686
   00358    0.4105 -849524.7802  0.2688
   00359    0.4113 -849289.4701  0.2678
   00360    0.4124 -848985.3535  0.2678
   00361    0.4108 -849311.9991  0.2679
   00362    0.4114 -849839.6582  0.2686
   00363    0.4121 -849613.8461  0.2691
   00364    0.4118 -849504.6166  0.2687
   00365    0.4108 -849230.7749  0.2694
   00366    0.4125 -849689.6139  0.2697
   00367    0.4116 -849617.6269  0.2700
   00368    0.4138 -849442.5437  0.2695
   00369    0.4116 -848940.6819  0.2697
   00370    0.4126 -849357.3565  0.2698
   00371    0.4122 -849269.6767  0.2699
   00372    0.4129 -848834.1879  0.2699
   00373    0.4125 -849028.4106  0.2696
   00374    0.4104 -849235.6648  0.2695
   00375    0.4112 -849248.8371  0.2695
   00376    0.4147 -849299.8842  0.2693
   00377    0.4109 -849252.7555  0.2695
   00378    0.4099 -849423.9764  0.2691
   00379    0.4122 -849693.3039  0.2697
   00380    0.4117 -849113.9989  0.2701
   00381    0.4137 -848650.3963  0.2705
   00382    0.4102 -848948.1097  0.2699
   00383    0.4121 -848700.4009  0.2703
   00384    0.4140 -849091.6023  0.2704
   00385    0.4135 -849397.3885  0.2707
   00386    0.4114 -849725.9353  0.2711
   00387    0.4121 -849929.1076  0.2709
   00388    0.4106 -850029.7699  0.2708
   00389    0.4124 -850334.5292  0.2708
   00390    0.4113 -850328.5056  0.2705
   00391    0.4115 -850466.6642  0.2707
   00392    0.4114 -850313.6097  0.2705
   00393    0.4115 -850042.9777  0.2708
   00394    0.4127 -849570.3227  0.2715
   00395    0.4108 -849728.3421  0.2716
   00396    0.4114 -850338.3895  0.2716
   00397    0.4109 -850078.3515  0.2714
   00398    0.4115 -849973.0446  0.2713
   00399    0.4124 -849891.5597  0.2712
   00400    0.4113 -850098.2508  0.2711
   00401    0.4119 -849849.5789  0.2719
   00402    0.4122 -849966.3299  0.2714
   00403    0.4123 -849481.0787  0.2707
   00404    0.4114 -849643.4034  0.2704
   00405    0.4122 -849743.0100  0.2710
   00406    0.4114 -849988.5294  0.2708
   00407    0.4109 -850356.5504  0.2713
   00408    0.4123 -850006.4335  0.2706
   00409    0.4084 -849750.8873  0.2708
   00410    0.4097 -849951.6676  0.2709
   00411    0.4123 -849349.8789  0.2711
   00412    0.4121 -849574.9898  0.2706
   00413    0.4092 -849636.8040  0.2705
   00414    0.4130 -850331.9932  0.2706
   00415    0.4115 -850578.1207  0.2709
   00416    0.4100 -850446.4844  0.2713
   00417    0.4119 -850467.9303  0.2712
   00418    0.4126 -850227.8799  0.2706
   00419    0.4123 -850761.1013  0.2706
   00420    0.4128 -850484.5858  0.2702
   00421    0.4115 -850419.7214  0.2702
   00422    0.4113 -850679.1684  0.2697
   00423    0.4121 -850457.4879  0.2687
   00424    0.4109 -850678.1180  0.2689
   00425    0.4120 -850702.3348  0.2687
   00426    0.4110 -850622.0671  0.2692
   00427    0.4138 -850200.4153  0.2687
   00428    0.4124 -850018.4637  0.2681
   00429    0.4115 -850105.8943  0.2673
   00430    0.4120 -849936.0448  0.2669
   00431    0.4120 -850115.0884  0.2666
   00432    0.4124 -850013.5966  0.2661
   00433    0.4113 -850321.6409  0.2662
   00434    0.4127 -850002.1216  0.2666
   00435    0.4117 -850627.5528  0.2662
   00436    0.4118 -850669.0775  0.2663
   00437    0.4113 -850711.8173  0.2668
   00438    0.4112 -850741.3384  0.2673
   00439    0.4110 -850724.7309  0.2669
   00440    0.4111 -850633.6082  0.2673
   00441    0.4097 -850916.3710  0.2678
   00442    0.4108 -850961.2756  0.2682
   00443    0.4110 -850221.1468  0.2683
   00444    0.4106 -850435.2730  0.2684
   00445    0.4124 -850680.9623  0.2683
   00446    0.4122 -850740.1043  0.2682
   00447    0.4122 -850674.7704  0.2679
   00448    0.4120 -850253.3568  0.2674
   00449    0.4116 -850075.8338  0.2671
   00450    0.4129 -850433.9657  0.2677
   00451    0.4117 -851017.9055  0.2673
   00452    0.4124 -850733.2279  0.2678
   00453    0.4111 -850948.1417  0.2682
   00454    0.4119 -850752.8777  0.2678
   00455    0.4105 -850592.2032  0.2677
   00456    0.4103 -850190.3971  0.2678
   00457    0.4122 -849792.7039  0.2679
   00458    0.4111 -849964.2499  0.2684
   00459    0.4112 -850866.3456  0.2687
   00460    0.4125 -850579.6904  0.2690
   00461    0.4115 -850694.5846  0.2689
   00462    0.4089 -851148.4803  0.2693
   00463    0.4113 -851128.1583  0.2692
   00464    0.4111 -850622.8551  0.2692
   00465    0.4120 -851014.5042  0.2687
   00466    0.4120 -851407.9703  0.2691
   00467    0.4131 -851400.4383  0.2685
   00468    0.4110 -851730.1787  0.2681
   00469    0.4102 -851590.2419  0.2675
   00470    0.4105 -851532.6680  0.2672
   00471    0.4089 -851369.7907  0.2672
   00472    0.4120 -851919.8494  0.2663
   00473    0.4098 -851353.7618  0.2653
   00474    0.4107 -851298.2207  0.2661
   00475    0.4113 -851333.7962  0.2665
   00476    0.4103 -851402.9437  0.2664
   00477    0.4122 -851373.1295  0.2664
   00478    0.4104 -851161.3468  0.2658
   00479    0.4115 -851582.9163  0.2664
   00480    0.4105 -850918.6102  0.2662
   00481    0.4102 -851541.4452  0.2661
   00482    0.4112 -851879.1009  0.2662
   00483    0.4129 -851483.2316  0.2657
   00484    0.4115 -851092.1638  0.2657
   00485    0.4121 -850989.9703  0.2654
   00486    0.4129 -851126.6663  0.2641
   00487    0.4118 -850822.1266  0.2637
   00488    0.4117 -850870.7542  0.2631
   00489    0.4120 -850807.5152  0.2627
   00490    0.4093 -850994.8863  0.2623
   00491    0.4109 -851046.5219  0.2628
   00492    0.4127 -850978.7243  0.2629
   00493    0.4128 -851149.8963  0.2630
   00494    0.4114 -851105.7224  0.2625
   00495    0.4113 -850877.3355  0.2626
   00496    0.4094 -850984.9030  0.2620
   00497    0.4117 -850950.7025  0.2618
   00498    0.4134 -850876.6338  0.2618
   00499    0.4115 -851679.3972  0.2618
   00500    0.4108 -852041.5411  0.2613
