#=====================================================
# File created:        Wed-29-Oct-2025-at-11-33-21AM
# Size of lattice:     500x500
# Number of MC steps:  500
# Reduced temperature: 0.500
# Run time (s):        23.207138
#=====================================================
# MC step:  Ratio:     Energy:   Order:
#=====================================================
   00000    0.5000 -124951.7783  0.2506
   00001    0.6239 -235954.6418  0.2521
   00002    0.5783 -265293.1401  0.2522
   00003    0.5507 -287274.3297  0.2537
   00004    0.5274 -304954.0084  0.2541
   00005    0.5116 -319036.3717  0.2552
   00006    0.4981 -330172.6838  0.2555
   00007    0.4893 -339524.1184  0.2554
   00008    0.4814 -347648.4375  0.2554
   00009    0.4735 -354488.8017  0.2556
   00010    0.4676 -360007.6499  0.2551
   00011    0.4616 -364796.2820  0.2552
   00012    0.4589 -369223.9585  0.2560
   00013    0.4576 -372793.8832  0.2558
   00014    0.4531 -376049.1600  0.2556
   00015    0.4500 -378788.7269  0.2557
   00016    0.4467 -381042.6427  0.2553
   00017    0.4445 -383581.8502  0.2560
   00018    0.4435 -385734.1747  0.2566
   00019    0.4411 -387536.5851  0.2566
   00020    0.4408 -389137.9030  0.2574
   00021    0.4388 -390656.2258  0.2579
   00022    0.4388 -392098.7746  0.2582
   00023    0.4375 -393476.9472  0.2583
   00024    0.4345 -394499.9076  0.2587
   00025    0.4344 -395454.4282  0.2591
   00026    0.4336 -396440.9064  0.2590
   00027    0.4314 -397410.6033  0.2592
   00028    0.4313 -398432.5621  0.2589
   00029    0.4313 -398969.4813  0.2583
   00030    0.4305 -399876.6534  0.2584
   00031    0.4296 -400643.4222  0.2581
   00032    0.4310 -401335.7524  0.2582
   00033    0.4294 -401945.5835  0.2581
   00034    0.4291 -402570.6248  0.2587
   00035    0.4270 -403064.2757  0.2592
   00036    0.4283 -403850.8662  0.2584
   00037    0.4268 -404223.2604  0.2583
   00038    0.4277 -404593.8218  0.2591
   00039    0.4271 -405106.7049  0.2591
   00040    0.4267 -405576.5813  0.2604
   00041    0.4263 -406110.1323  0.2610
   00042    0.4276 -406397.6126  0.2612
   00043    0.4277 -406617.8787  0.2614
   00044    0.4243 -407023.8083  0.2619
   00045    0.4263 -407530.0953  0.2619
   00046    0.4254 -407823.1228  0.2617
   00047    0.4259 -407868.9713  0.2618
   00048    0.4238 -408096.1360  0.2624
   00049    0.4251 -408301.6236  0.2624
   00050    0.4238 -408435.2939  0.2625
   00051    0.4233 -408995.9570  0.2625
   00052    0.4225 -409580.8053  0.2625
   00053    0.4235 -409992.8682  0.2623
   00054    0.4231 -410309.2126  0.2624
   00055    0.4216 -410495.9681  0.2620
   00056    0.4222 -410503.1887  0.2613
   00057    0.4244 -410665.3342  0.2616
   00058    0.4226 -410874.9834  0.2618
   00059    0.4208 -411322.3858  0.2626
   00060    0.4212 -411550.9362  0.2632
   00061    0.4226 -411480.3720  0.2631
   00062    0.4238 -411662.7379  0.2627
   00063    0.4216 -411966.7802  0.2631
   00064    0.4209 -412211.1556  0.2636
   00065    0.4216 -412472.8286  0.2646
   00066    0.4211 -412661.2278  0.2649
   00067    0.4201 -412822.5458  0.2645
   00068    0.4206 -413179.6774  0.2640
   00069    0.4204 -413370.7215  0.2640
   00070    0.4213 -413485.8546  0.2645
   00071    0.4189 -414031.7783  0.2644
   00072    0.4201 -413931.1363  0.2645
   00073    0.4207 -414202.5095  0.2647
   00074    0.4204 -414473.1815  0.2647
   00075    0.4217 -414717.7292  0.2640
   00076    0.4188 -414657.1872  0.2643
   00077    0.4199 -414910.4764  0.2650
   00078    0.4189 -414732.7612  0.2652
   00079    0.4208 -414857.2224  0.2652
   00080    0.4195 -415092.4697  0.2648
   00081    0.4196 -415334.9030  0.2649
   00082    0.4192 -415367.8216  0.2643
   00083    0.4191 -415585.0601  0.2649
   00084    0.4191 -415828.6110  0.2654
   00085    0.4195 -415937.2623  0.2663
   00086    0.4158 -416213.7926  0.2667
   00087    0.4191 -416232.6139  0.2664
   00088    0.4194 -416191.4572  0.2659
   00089    0.4187 -416250.8257  0.2651
   00090    0.4175 -416327.9816  0.2648
   00091    0.4164 -416143.9708  0.2653
   00092    0.4188 -416351.8810  0.2654
   00093    0.4184 -416717.5131  0.2658
   00094    0.4186 -416710.2103  0.2660
   00095    0.4188 -416580.1740  0.2667
   00096    0.4181 -416734.3935  0.2665
   00097    0.4189 -416777.2768  0.2669
   00098    0.4176 -416829.8557  0.2668
   00099    0.4171 -416839.4731  0.2670
   00100    0.4174 -417103.3187  0.2667
   00101    0.4182 -417415.5874  0.2672
   00102    0.4182 -417532.7178  0.2666
   00103    0.4156 -417621.6621  0.2661
   00104    0.4164 -417912.6495  0.2663
   00105    0.4167 -417900.5029  0.2659
   00106    0.4178 -418022.4641  0.2661
   00107    0.4143 -417621.8668  0.2661
   00108    0.4172 -417796.1564  0.2659
   00109    0.4163 -417956.6311  0.2662
   00110    0.4167 -418108.8683  0.2665
   00111    0.4169 -418128.9877  0.2669
   00112    0.4161 -418022.4071  0.2676
   00113    0.4151 -418177.1634  0.2671
   00114    0.4161 -418216.4355  0.2667
   00115    0.4158 -418282.7281  0.2667
   00116    0.4164 -418483.2303  0.2669
   00117    0.4142 -418485.8809  0.2669
   00118    0.4156 -418782.2848  0.2662
   00119    0.4147 -419162.2357  0.2660
   00120    0.4156 -418886.0312  0.2664
   00121    0.4153 -418850.4597  0.2665
   00122    0.4161 -419077.1266  0.2658
   00123    0.4165 -418936.2105  0.2660
   00124    0.4164 -418828.4974  0.2673
   00125    0.4157 -419302.9939  0.2668
   00126    0.4158 -419100.6223  0.2672
   00127    0.4163 -419276.1141  0.2671
   00128    0.4166 -419361.5553  0.2680
   00129    0.4144 -419293.5244  0.2675
   00130    0.4151 -419510.9675  0.2671
   00131    0.4138 -419548.3145  0.2670
   00132    0.4154 -419671.6294  0.2667
   00133    0.4162 -419548.3629  0.2665
   00134    0.4151 -419662.7237  0.2664
   00135    0.4144 -420076.6970  0.2665
   00136    0.4147 -420127.0787  0.2663
   00137    0.4145 -420135.4583  0.2664
   00138    0.4155 -420263.6428  0.2662
   00139    0.4153 -420208.0434  0.2661
   00140    0.4145 -420346.8215  0.2658
   00141    0.4152 -420603.1722  0.2651
   00142    0.4151 -420595.6795  0.2655
   00143    0.4154 -420432.0199  0.2659
   00144    0.4138 -420438.3237  0.2662
   00145    0.4165 -420251.1460  0.2658
   00146    0.4133 -420289.4437  0.2653
   00147    0.4156 -420093.8984  0.2653
   00148    0.4167 -420064.5435  0.2653
   00149    0.4162 -420097.1070  0.2655
   00150    0.4152 -420336.8316  0.2653
   00151    0.4148 -420554.7994  0.2653
   00152    0.4145 -420596.6194  0.2661
   00153    0.4146 -420795.3663  0.2668
   00154    0.4148 -420636.6527  0.2664
   00155    0.4161 -420591.5840  0.2659
   00156    0.4140 -420830.0737  0.2661
   00157    0.4156 -420945.3445  0.2663
   00158    0.4140 -420857.3720  0.2671
   00159    0.4144 -421017.3043  0.2667
   00160    0.4154 -420848.4655  0.2668
   00161    0.4139 -420910.8878  0.2673
   00162    0.4141 -420858.6007  0.2675
   00163    0.4149 -420771.4338  0.2673
   00164    0.4141 -420825.1326  0.2676
   00165    0.4155 -420869.8785  0.2680
   00166    0.4139 -421160.8885  0.2685
   00167    0.4146 -421156.8375  0.2689
   00168    0.4142 -421032.5880  0.2700
   00169    0.4133 -421082.2847  0.2703
   00170    0.4160 -421040.4541  0.2706
   00171    0.4158 -420988.8162  0.2697
   00172    0.4149 -420955.1633  0.2699
   00173    0.4150 -420861.9193  0.2706
   00174    0.4152 -421059.1839  0.2707
   00175    0.4137 -421306.4157  0.2708
   00176    0.4144 -421319.2786  0.2704
   00177    0.4141 -421444.0686  0.2709
   00178    0.4137 -421522.9967  0.2709
   00179    0.4145 -421444.4870  0.2698
   00180    0.4146 -421496.4982  0.2703
   00181    0.4144 -421479.5257  0.2700
   00182    0.4168 -421766.7640  0.2691
   00183    0.4138 -421635.6519  0.2691
   00184    0.4154 -421551.0770  0.2696
   00185    0.4153 -421506.2710  0.2694
   00186    0.4143 -421609.9106  0.2698
   00187    0.4122 -421582.2673  0.2698
   00188    0.4144 -421468.8203  0.2701
   00189    0.4148 -421864.3447  0.2703
   00190    0.4123 -421864.5049  0.2702
   00191    0.4146 -422106.9447  0.2706
   00192    0.4148 -422086.8039  0.2703
   00193    0.4126 -422051.3494  0.2703
   00194    0.4133 -422406.4275  0.2707
   00195    0.4139 -422090.3005  0.2708
   00196    0.4136 -422314.1603  0.2700
   00197    0.4135 -422160.4363  0.2697
   00198    0.4137 -422275.0126  0.2693
   00199    0.4123 -422207.7505  0.2691
   00200    0.4127 -422425.6681  0.2685
   00201    0.4139 -422361.3693  0.2690
   00202    0.4145 -422580.1060  0.2695
   00203    0.4134 -422454.5722  0.2687
   00204    0.4145 -422252.1215  0.2687
   00205    0.4140 -422220.5612  0.2689
   00206    0.4132 -422305.2716  0.2682
   00207    0.4154 -422283.0213  0.2689
   00208    0.4139 -422166.2857  0.2691
   00209    0.4144 -422354.6989  0.2695
   00210    0.4140 -422484.1648  0.2686
   00211    0.4131 -422306.1237  0.2690
   00212    0.4138 -422367.8854  0.2688
   00213    0.4151 -422728.5430  0.2698
   00214    0.4140 -422735.8092  0.2698
   00215    0.4137 -422346.4421  0.2698
   00216    0.4135 -422592.5561  0.2695
   00217    0.4133 -422607.0300  0.2694
   00218    0.4140 -422660.9393  0.2700
   00219    0.4125 -422839.2826  0.2710
   00220    0.4156 -422971.4957  0.2705
   00221    0.4139 -422833.4542  0.2712
   00222    0.4121 -422826.2206  0.2706
   00223    0.4140 -422960.6155  0.2710
   00224    0.4117 -422921.7904  0.2702
   00225    0.4129 -422965.3749  0.2699
   00226    0.4142 -422798.2392  0.2700
   00227    0.4138 -422775.4545  0.2698
   00228    0.4126 -422884.2127  0.2700
   00229    0.4152 -422992.4320  0.2702
   00230    0.4136 -422977.6010  0.2702
   00231    0.4150 -422975.9971  0.2700
   00232    0.4134 -422761.8001  0.2699
   00233    0.4137 -422839.9166  0.2702
   00234    0.4135 -422853.2393  0.2715
   00235    0.4145 -422684.5329  0.2715
   00236    0.4116 -422919.8525  0.2718
   00237    0.4131 -423160.3169  0.2717
   00238    0.4134 -422893.6009  0.2728
   00239    0.4126 -422804.6836  0.2724
   00240    0.4130 -423017.8292  0.2725
   00241    0.4121 -423199.5232  0.2733
   00242    0.4125 -423092.3632  0.2737
   00243    0.4130 -423126.7953  0.2736
   00244    0.4121 -423204.8155  0.2747
   00245    0.4129 -423111.1366  0.2743
   00246    0.4127 -422936.4497  0.2739
   00247    0.4128 -422985.1645  0.2740
   00248    0.4141 -423219.5933  0.2740
   00249    0.4147 -423227.5674  0.2732
   00250    0.4142 -423340.8878  0.2730
   00251    0.4124 -423269.1622  0.2731
   00252    0.4114 -423334.5658  0.2735
   00253    0.4127 -423256.9032  0.2742
   00254    0.4141 -423251.0044  0.2746
   00255    0.4136 -423391.2154  0.2736
   00256    0.4143 -423347.3152  0.2739
   00257    0.4132 -423108.8701  0.2741
   00258    0.4137 -423089.1438  0.2742
   00259    0.4127 -423343.3855  0.2737
   00260    0.4125 -423292.3243  0.2738
   00261    0.4132 -423682.1599  0.2738
   00262    0.4124 -423798.0353  0.2741
   00263    0.4131 -423321.7520  0.2742
   00264    0.4111 -423274.1967  0.2742
   00265    0.4146 -423325.5758  0.2740
   00266    0.4124 -423328.6563  0.2746
   00267    0.4126 -423558.2652  0.2746
   00268    0.4134 -423646.1954  0.2750
   00269    0.4119 -423932.7622  0.2753
   00270    0.4123 -423761.0857  0.2752
   00271    0.4119 -423607.9151  0.2758
   00272    0.4127 -423639.7687  0.2759
   00273    0.4105 -423604.4956  0.2758
   00274    0.4139 -423716.1846  0.2763
   00275    0.4115 -423631.6369  0.2772
   00276    0.4128 -423662.0830  0.2779
   00277    0.4131 -423751.4911  0.2778
   00278    0.4115 -423732.5477  0.2779
   00279    0.4114 -424045.0879  0.2778
   00280    0.4120 -424042.1447  0.2775
   00281    0.4124 -424280.2137  0.2776
   00282    0.4115 -424241.4335  0.2780
   00283    0.4107 -424291.2701  0.2778
   00284    0.4125 -424110.5645  0.2783
   00285    0.4123 -423682.7575  0.2790
   00286    0.4120 -423723.6971  0.2792
   00287    0.4128 -423902.4786  0.2792
   00288    0.4108 -423882.4523  0.2792
   00289    0.4133 -423893.4899  0.2785
   00290    0.4117 -423932.4605  0.2787
   00291    0.4116 -423991.1959  0.2788
   00292    0.4119 -423723.2696  0.2784
   00293    0.4120 -423906.3261  0.2788
   00294    0.4113 -423719.8812  0.2789
   00295    0.4122 -423709.2257  0.2791
   00296    0.4129 -423877.4877  0.2793
   00297    0.4136 -423562.0891  0.2795
   00298    0.4113 -423820.8549  0.2800
   00299    0.4143 -423911.0956  0.2799
   00300    0.4134 -423750.7010  0.2801
   00301    0.4132 -424083.6136  0.2802
   00302    0.4120 -424087.2831  0.2798
   00303    0.4136 -424010.5803  0.2796
   00304    0.4108 -424069.3759  0.2802
   00305    0.4131 -424163.4380  0.2798
   00306    0.4137 -424014.7443  0.2794
   00307    0.4110 -424152.6264  0.2791
   00308    0.4122 -424218.7757  0.2794
   00309    0.4126 -424295.8203  0.2798
   00310    0.4134 -424164.2311  0.2802
   00311    0.4134 -424082.4268  0.2801
   00312    0.4124 -424161.7117  0.2802
   00313    0.4119 -424346.4536  0.2807
   00314    0.4131 -424115.7492  0.2813
   00315    0.4109 -424077.2597  0.2805
   00316    0.4129 -424120.2577  0.2812
   00317    0.4126 -424084.7536  0.2814
   00318    0.4127 -424236.9283  0.2817
   00319    0.4124 -424240.6879  0.2817
   00320    0.4139 -424196.2385  0.2816
   00321    0.4132 -424322.6265  0.2811
   00322    0.4119 -424365.6374  0.2810
   00323    0.4122 -424330.3865  0.2801
   00324    0.4141 -424545.5659  0.2810
   00325    0.4121 -424495.6706  0.2814
   00326    0.4110 -424554.3535  0.2812
   00327    0.4125 -424339.3890  0.2818
   00328    0.4129 -424327.6424  0.2817
   00329    0.4129 -424258.0391  0.2822
   00330    0.4145 -423837.2232  0.2835
   00331    0.4123 -423861.5334  0.2834
   00332    0.4127 -424026.3948  0.2833
   00333    0.4122 -424223.0604  0.2832
   00334    0.4131 -424359.4282  0.2834
   00335    0.4116 -424228.1125  0.2829
   00336    0.4126 -424451.5482  0.2823
   00337    0.4124 -424453.7471  0.2827
   00338    0.4130 -424408.4005  0.2830
   00339    0.4132 -424517.2100  0.2836
   00340    0.4120 -424467.8286  0.2837
   00341    0.4108 -424463.8918  0.2836
   00342    0.4121 -424525.7955  0.2840
   00343    0.4124 -424474.5354  0.2843
   00344    0.4126 -424587.2920  0.2845
   00345    0.4121 -424634.1824  0.2843
   00346    0.4130 -424883.1097  0.2842
   00347    0.4118 -424962.3873  0.2839
   00348    0.4104 -424920.1636  0.2841
   00349    0.4106 -424698.1675  0.2843
   00350    0.4118 -424627.4439  0.2846
   00351    0.4125 -424759.5170  0.2849
   00352    0.4116 -424830.3950  0.2845
   00353    0.4124 -424980.8337  0.2845
   00354    0.4118 -425022.0523  0.2847
   00355    0.4109 -424806.1928  0.2848
   00356    0.4129 -424528.8590  0.2844
   00357    0.4142 -424513.3186  0.2845
   00358    0.4125 -424600.0808  0.2846
   00359    0.4118 -424673.9614  0.2846
   00360    0.4114 -424811.3455  0.2845
   00361    0.4106 -424868.8747  0.2848
   00362    0.4119 -424533.4024  0.2848
   00363    0.4113 -424673.4220  0.2849
   00364    0.4122 -424791.7449  0.2854
   00365    0.4124 -425066.1002  0.2855
   00366    0.4097 -425013.1393  0.2858
   00367    0.4120 -424826.5601  0.2854
   00368    0.4115 -424960.2851  0.2853
   00369    0.4124 -424834.5603  0.2858
   00370    0.4111 -424839.3062  0.2859
   00371    0.4109 -424826.9252  0.2858
   00372    0.4108 -424729.6412  0.2854
   00373    0.4107 -425005.9799  0.2856
   00374    0.4125 -424868.6508  0.2848
   00375    0.4129 -424776.8069  0.2845
   00376    0.4132 -424717.3549  0.2845
   00377    0.4118 -424651.2357  0.2842
   00378    0.4128 -424645.2674  0.2846
   00379    0.4121 -424721.6643  0.2844
   00380    0.4107 -424740.2351  0.2844
   00381    0.4126 -424581.9667  0.2854
   00382    0.4126 -424663.3938  0.2859
   00383    0.4125 -424530.1328  0.2855
   00384    0.4128 -424496.9927  0.2856
   00385    0.4140 -424650.5785  0.2855
   00386    0.4133 -424784.1589  0.2855
   00387    0.4104 -424748.3364  0.2848
   00388    0.4119 -424819.8412  0.2845
   00389    0.4117 -424889.7106  0.2852
   00390    0.4110 -424918.9718  0.2862
   00391    0.4114 -425077.3734  0.2858
   00392    0.4094 -424980.6931  0.2859
   00393    0.4122 -424970.7107  0.2861
   00394    0.4118 -424915.8391  0.2855
   00395    0.4120 -424990.7764  0.2859
   00396    0.4119 -425166.0971  0.2873
   00397    0.4108 -425080.0812  0.2863
   00398    0.4125 -425003.3041  0.2868
   00399    0.4113 -424968.8366  0.2860
   00400    0.4108 -425167.3552  0.2860
   00401    0.4123 -425069.5779  0.2859
   00402    0.4109 -425147.0132  0.2864
   00403    0.4115 -425301.6378  0.2864
   00404    0.4118 -424922.6905  0.2859
   00405    0.4118 -424932.0841  0.2856
   00406    0.4098 -425023.4948  0.2853
   00407    0.4104 -424976.6731  0.2849
   00408    0.4126 -425022.0508  0.2849
   00409    0.4128 -425077.2347  0.2845
   00410    0.4107 -425182.3095  0.2845
   00411    0.4115 -425267.3495  0.2844
   00412    0.4110 -425050.0400  0.2842
   00413    0.4123 -425194.6781  0.2841
   00414    0.4125 -425378.8610  0.2839
   00415    0.4113 -425229.7070  0.2840
   00416    0.4115 -425301.3389  0.2842
   00417    0.4115 -425274.3543  0.2845
   00418    0.4099 -425167.4463  0.2844
   00419    0.4100 -425218.3942  0.2844
   00420    0.4125 -425401.5230  0.2842
   00421    0.4112 -425242.7065  0.2841
   00422    0.4122 -425265.5036  0.2843
   00423    0.4105 -425227.2608  0.2845
   00424    0.4123 -425312.0996  0.2841
   00425    0.4127 -425370.9500  0.2834
   00426    0.4116 -425350.7465  0.2832
   00427    0.4104 -425261.4918  0.2832
   00428    0.4122 -425187.3867  0.2833
   00429    0.4119 -425081.2655  0.2830
   00430    0.4116 -424950.1651  0.2832
   00431    0.4125 -425202.2602  0.2835
   00432    0.4127 -425454.9588  0.2828
   00433    0.4131 -425183.4611  0.2825
   00434    0.4112 -425257.2892  0.2822
   00435    0.4117 -425372.3889  0.2825
   00436    0.4113 -425382.5189  0.2824
   00437    0.4130 -425544.7598  0.2828
   00438    0.4122 -425250.9552  0.2829
   00439    0.4118 -425309.1901  0.2826
   00440    0.4114 -425275.0225  0.2830
   00441    0.4099 -425314.1888  0.2825
   00442    0.4110 -425523.8853  0.2829
   00443    0.4104 -425494.4840  0.2826
   00444    0.4134 -425336.9681  0.2831
   00445    0.4124 -425222.5217  0.2837
   00446    0.4110 -425191.0925  0.2831
   00447    0.4121 -425311.5173  0.2833
   00448    0.4121 -425322.8652  0.2834
   00449    0.4111 -425395.8533  0.2835
   00450    0.4112 -425355.4638  0.2831
   00451    0.4124 -425502.4184  0.2831
   00452    0.4110 -425201.9200  0.2827
   00453    0.4129 -425385.5340  0.2835
   00454    0.4097 -425189.4044  0.2841
   00455    0.4115 -425231.8155  0.2845
   00456    0.4110 -425114.5458  0.2835
   00457    0.4118 -425237.6182  0.2836
   00458    0.4108 -425155.0265  0.2842
   00459    0.4108 -424971.8629  0.2837
   00460    0.4134 -424977.6911  0.2840
   00461    0.4132 -424933.8558  0.2849
   00462    0.4107 -425260.3893  0.2847
   00463    0.4105 -425080.5484  0.2847
   00464    0.4130 -425521.2742  0.2847
   00465    0.4119 -425485.8063  0.2848
   00466    0.4109 -425835.5079  0.2852
   00467    0.4115 -425514.0134  0.2852
   00468    0.4120 -425668.1300  0.2845
   00469    0.4110 -425588.6895  0.2835
   00470    0.4103 -425460.3114  0.2835
   00471    0.4116 -425429.8465  0.2830
   00472    0.4126 -425464.3617  0.2836
   00473    0.4120 -425255.6760  0.2827
   00474    0.4136 -425395.5294  0.2820
   00475    0.4125 -425075.1904  0.2821
   00476    0.4128 -425376.6940  0.2820
   00477    0.4126 -425479.8104  0.2818
   00478    0.4115 -425292.7145  0.2821
   00479    0.4117 -425599.3016  0.2823
   00480    0.4120 -425690.7258  0.2818
   00481    0.4123 -425659.6203  0.2822
   00482    0.4106 -425653.2515  0.2818
   00483    0.4116 -425638.6085  0.2826
   00484    0.4108 -425507.3386  0.2819
   00485    0.4101 -425601.3583  0.2817
   00486    0.4118 -425725.7273  0.2820
   00487    0.4112 -425576.6600  0.2813
   00488    0.4117 -425459.3091  0.2817
   00489    0.4111 -425320.7484  0.2816
   00490    0.4128 -425289.3617  0.2819
   00491    0.4114 -425273.6357  0.2822
   00492    0.4127 -425428.9928  0.2816
   00493    0.4116 -425462.4809  0.2820
   00494    0.4112 -425504.8801  0.2827
   00495    0.4102 -425622.0649  0.2830
   00496    0.4109 -425719.8602  0.2832
   00497    0.4121 -425480.4133  0.2832
   00498    0.4102 -425598.5695  0.2837
   00499    0.4109 -425341.0304  0.2846
   00500    0.4112 -425235.5146  0.2849
