#=====================================================
# File created:        Sat-01-Nov-2025-at-08-43-31AM
# Size of lattice:     250x250
# Number of MC steps:  50
# Reduced temperature: 0.500
# Run time (s):        1.465820
#=====================================================
# MC step:  Ratio:     Energy:   Order:
#=====================================================
   00000    0.5000  -62561.1099  0.2514
   00001    0.6797  -93142.4642  0.2521
   00002    0.6247 -112477.8236  0.2505
   00003    0.5865 -126231.0524  0.2530
   00004    0.5599 -136881.7687  0.2531
   00005    0.5408 -145422.6799  0.2566
   00006    0.5215 -152705.7937  0.2568
   00007    0.5093 -158247.5055  0.2581
   00008    0.4988 -163015.4199  0.2570
   00009    0.4917 -167370.5864  0.2578
   00010    0.4841 -170588.4035  0.2576
   00011    0.4806 -173854.0561  0.2577
   00012    0.4744 -176441.5088  0.2567
   00013    0.4679 -178767.6556  0.2569
   00014    0.4660 -181109.2655  0.2577
   00015    0.4614 -182787.3875  0.2568
   00016    0.4593 -184395.1630  0.2573
   00017    0.4517 -186020.8487  0.2577
   00018    0.4548 -187555.7929  0.2572
   00019    0.4484 -188767.6412  0.2557
   00020    0.4443 -189910.6222  0.2542
   00021    0.4492 -190705.3874  0.2544
   00022    0.4452 -191843.7183  0.2556
   00023    0.4443 -192614.0980  0.2555
   00024    0.4411 -193349.9601  0.2571
   00025    0.4393 -193888.6642  0.2566
   00026    0.4413 -194766.0439  0.2554
   00027    0.4369 -195394.7116  0.2566
   00028    0.4364 -195809.1273  0.2566
   00029    0.4369 -196594.6219  0.2564
   00030    0.4362 -197006.7543  0.2554
   00031    0.4339 -197493.5817  0.2551
   00032    0.4324 -197979.3842  0.2551
   00033    0.4329 -198584.0791  0.2553
   00034    0.4344 -198918.2033  0.2571
   00035    0.4360 -199226.5167  0.2581
   00036    0.4312 -199756.7740  0.2586
   00037    0.4299 -199763.7829  0.2589
   00038    0.4316 -200150.7104  0.2593
   00039    0.4323 -200519.6370  0.2587
   00040    0.4317 -200787.9016  0.2590
   00041    0.4299 -200960.5441  0.2603
   00042    0.4317 -201390.4185  0.2611
   00043    0.4281 -201640.8779  0.2612
   00044    0.4294 -201934.6645  0.2604
   00045    0.4264 -202081.2252  0.2593
   00046    0.4234 -202161.4107  0.2603
   00047    0.4291 -202464.7313  0.2606
   00048    0.4269 -202749.6873  0.2599
   00049    0.4291 -202891.9962  0.2592
   00050    0.4252 -203295.7916  0.2579
