#=====================================================
# File created:        Thu-30-Oct-2025-at-01-04-42PM
# Size of lattice:     500x500
# Number of MC steps:  500
# Reduced temperature: 0.500
# Run time (s):        458.456558
#=====================================================
# MC step:  Ratio:     Energy:   Order:
#=====================================================
   00000    0.5000 -250038.6522  0.2517 
   00001    0.5854 -456544.7235  0.2515 
   00002    0.5071 -489113.5482  0.2510 
   00003    0.4596 -506693.6185  0.2504 
   00004    0.4322 -516508.6905  0.2514 
   00005    0.4136 -522069.3472  0.2522 
   00006    0.4005 -525295.7621  0.2531 
   00007    0.3903 -527587.8767  0.2535 
   00008    0.3826 -528792.6109  0.2542 
   00009    0.3778 -529113.4031  0.2546 
   00010    0.3753 -530089.6291  0.2548 
   00011    0.3720 -530533.3298  0.2544 
   00012    0.3694 -530581.1262  0.2546 
   00013    0.3669 -530287.6879  0.2537 
   00014    0.3648 -529796.1589  0.2533 
   00015    0.3646 -530006.0008  0.2535 
   00016    0.3626 -529491.7775  0.2543 
   00017    0.3624 -529183.0905  0.2549 
   00018    0.3613 -529608.3553  0.2555 
   00019    0.3606 -530182.4026  0.2562 
   00020    0.3599 -529917.7202  0.2564 
   00021    0.3593 -529399.8132  0.2556 
   00022    0.3601 -529294.4599  0.2548 
   00023    0.3592 -529245.6148  0.2552 
   00024    0.3578 -529615.3041  0.2556 
   00025    0.3571 -529531.9571  0.2556 
   00026    0.3572 -529141.9093  0.2554 
   00027    0.3573 -529186.1440  0.2547 
   00028    0.3578 -529355.3541  0.2543 
   00029    0.3580 -529236.3154  0.2539 
   00030    0.3583 -529255.9395  0.2538 
   00031    0.3576 -529369.7045  0.2538 
   00032    0.3579 -529133.5894  0.2534 
   00033    0.3560 -528643.4726  0.2533 
   00034    0.3556 -528477.4985  0.2525 
   00035    0.3557 -528610.9637  0.2521 
   00036    0.3556 -528880.7110  0.2520 
   00037    0.3554 -528829.9807  0.2516 
   00038    0.3557 -528565.5094  0.2517 
   00039    0.3555 -528319.9795  0.2516 
   00040    0.3545 -528310.7145  0.2510 
   00041    0.3551 -527986.7759  0.2516 
   00042    0.3541 -527919.5466  0.2527 
   00043    0.3551 -527585.4968  0.2539 
   00044    0.3554 -526948.1542  0.2543 
   00045    0.3542 -526994.2256  0.2542 
   00046    0.3546 -526567.6526  0.2538 
   00047    0.3563 -526907.5771  0.2535 
   00048    0.3576 -527319.0229  0.2534 
   00049    0.3573 -527980.1057  0.2533 
   00050    0.3564 -528216.6456  0.2537 
   00051    0.3550 -528219.3736  0.2540 
   00052    0.3554 -528010.0263  0.2542 
   00053    0.3550 -527867.2433  0.2539 
   00054    0.3545 -528247.2584  0.2536 
   00055    0.3551 -528292.2593  0.2534 
   00056    0.3545 -527837.8952  0.2538 
   00057    0.3544 -527295.1577  0.2542 
   00058    0.3555 -527047.1844  0.2545 
   00059    0.3552 -527407.0921  0.2546 
   00060    0.3556 -527574.6720  0.2548 
   00061    0.3557 -527440.8709  0.2554 
   00062    0.3558 -527668.7738  0.2557 
   00063    0.3550 -527151.7581  0.2556 
   00064    0.3552 -526897.9527  0.2558 
   00065    0.3553 -527359.8429  0.2563 
   00066    0.3542 -527782.0624  0.2568 
   00067    0.3544 -528196.7810  0.2574 
   00068    0.3546 -527943.9101  0.2576 
   00069    0.3541 -527691.9772  0.2571 
   00070    0.3546 -527499.4578  0.2568 
   00071    0.3564 -527500.6114  0.2567 
   00072    0.3550 -527753.3557  0.2575 
   00073    0.3554 -527239.4543  0.2571 
   00074    0.3559 -527242.3251  0.2563 
   00075    0.3553 -527638.5237  0.2557 
   00076    0.3553 -527358.0635  0.2554 
   00077    0.3543 -527624.3381  0.2546 
   00078    0.3538 -527531.4512  0.2544 
   00079    0.3533 -527263.2835  0.2539 
   00080    0.3536 -526986.4298  0.2533 
   00081    0.3548 -526731.7435  0.2538 
   00082    0.3557 -526835.7749  0.2546 
   00083    0.3544 -527008.1120  0.2556 
   00084    0.3549 -527012.5621  0.2563 
   00085    0.3542 -526936.3363  0.2559 
   00086    0.3545 -526827.0010  0.2559 
   00087    0.3552 -526815.0378  0.2556 
   00088    0.3552 -526679.8504  0.2550 
   00089    0.3553 -526483.3546  0.2541 
   00090    0.3556 -526575.8325  0.2536 
   00091    0.3557 -526769.1397  0.2540 
   00092    0.3547 -526602.5417  0.2539 
   00093    0.3551 -526562.7966  0.2533 
   00094    0.3553 -526346.9642  0.2527 
   00095    0.3545 -526080.1886  0.2530 
   00096    0.3560 -526012.8844  0.2531 
   00097    0.3555 -525835.1476  0.2527 
   00098    0.3560 -525955.9924  0.2525 
   00099    0.3566 -526012.4860  0.2522 
   00100    0.3559 -526052.0507  0.2517 
   00101    0.3562 -526219.9344  0.2521 
   00102    0.3562 -526334.9879  0.2518 
   00103    0.3562 -526284.8745  0.2518 
   00104    0.3549 -526088.4156  0.2518 
   00105    0.3569 -525581.4846  0.2521 
   00106    0.3569 -525817.2039  0.2516 
   00107    0.3563 -526008.1370  0.2510 
   00108    0.3577 -525957.8068  0.2503 
   00109    0.3572 -526136.5059  0.2506 
   00110    0.3581 -526017.0176  0.2504 
   00111    0.3570 -526052.7971  0.2507 
   00112    0.3575 -525464.7297  0.2504 
   00113    0.3561 -525282.0669  0.2513 
   00114    0.3579 -525329.1449  0.2525 
   00115    0.3577 -525663.8497  0.2533 
   00116    0.3567 -526204.0410  0.2543 
   00117    0.3555 -526642.0853  0.2554 
   00118    0.3554 -526834.9377  0.2563 
   00119    0.3560 -527335.7844  0.2568 
   00120    0.3562 -527563.5034  0.2563 
   00121    0.3560 -527543.2122  0.2567 
   00122    0.3557 -527079.5428  0.2565 
   00123    0.3569 -526554.8657  0.2569 
   00124    0.3564 -526758.0276  0.2572 
   00125    0.3558 -527022.5805  0.2559 
   00126    0.3556 -527282.5354  0.2553 
   00127    0.3555 -527462.1438  0.2555 
   00128    0.3553 -527895.6842  0.2547 
   00129    0.3545 -528042.0066  0.2546 
   00130    0.3527 -528026.4910  0.2552 
   00131    0.3533 -527739.4232  0.2554 
   00132    0.3539 -527538.8847  0.2550 
   00133    0.3539 -526658.1066  0.2539 
   00134    0.3547 -526044.3694  0.2532 
   00135    0.3550 -526146.8887  0.2524 
   00136    0.3551 -526335.7221  0.2529 
   00137    0.3547 -526681.3128  0.2530 
   00138    0.3545 -526624.0251  0.2537 
   00139    0.3545 -526752.0907  0.2546 
   00140    0.3544 -527397.3271  0.2542 
   00141    0.3540 -527865.4943  0.2535 
   00142    0.3533 -527783.1373  0.2520 
   00143    0.3540 -527254.6916  0.2509 
   00144    0.3539 -527291.2428  0.2502 
   00145    0.3546 -527591.9209  0.2504 
   00146    0.3543 -527613.0250  0.2510 
   00147    0.3543 -528080.7491  0.2519 
   00148    0.3539 -527823.5274  0.2521 
   00149    0.3539 -527705.0495  0.2521 
   00150    0.3538 -527453.8575  0.2524 
   00151    0.3539 -527016.2480  0.2525 
   00152    0.3535 -526977.8462  0.2523 
   00153    0.3523 -527127.5962  0.2522 
   00154    0.3525 -527253.5978  0.2520 
   00155    0.3516 -527370.3788  0.2524 
   00156    0.3526 -526709.4951  0.2525 
   00157    0.3529 -526508.5123  0.2523 
   00158    0.3537 -526495.3882  0.2528 
   00159    0.3541 -526252.2068  0.2531 
   00160    0.3539 -526202.9637  0.2548 
   00161    0.3551 -526350.6371  0.2552 
   00162    0.3542 -526618.9780  0.2561 
   00163    0.3550 -526636.0858  0.2561 
   00164    0.3547 -526737.6379  0.2556 
   00165    0.3545 -526739.6097  0.2559 
   00166    0.3532 -526970.5347  0.2568 
   00167    0.3543 -526798.7257  0.2572 
   00168    0.3535 -526790.0581  0.2573 
   00169    0.3548 -526570.5300  0.2568 
   00170    0.3545 -526533.7244  0.2569 
   00171    0.3549 -526122.8473  0.2572 
   00172    0.3553 -526238.1375  0.2573 
   00173    0.3542 -526619.9910  0.2574 
   00174    0.3550 -526304.9689  0.2570 
   00175    0.3542 -525660.6292  0.2563 
   00176    0.3547 -525145.1073  0.2561 
   00177    0.3563 -525424.3199  0.2569 
   00178    0.3568 -526089.8302  0.2569 
   00179    0.3554 -526426.8876  0.2566 
   00180    0.3551 -526389.5966  0.2560 
   00181    0.3548 -525889.7495  0.2551 
   00182    0.3558 -526008.5964  0.2550 
   00183    0.3552 -526622.0021  0.2547 
   00184    0.3543 -526613.7229  0.2560 
   00185    0.3546 -526425.3467  0.2565 
   00186    0.3545 -526097.6500  0.2574 
   00187    0.3537 -526014.1469  0.2575 
   00188    0.3548 -525894.2608  0.2583 
   00189    0.3546 -525913.8224  0.2583 
   00190    0.3546 -525794.8416  0.2577 
   00191    0.3546 -525862.5906  0.2568 
   00192    0.3547 -525933.5674  0.2559 
   00193    0.3553 -525941.8132  0.2549 
   00194    0.3555 -525690.5289  0.2538 
   00195    0.3553 -525883.2520  0.2534 
   00196    0.3552 -526089.6652  0.2536 
   00197    0.3555 -526124.7099  0.2537 
   00198    0.3549 -526139.7074  0.2534 
   00199    0.3549 -525731.6782  0.2540 
   00200    0.3545 -525483.7094  0.2541 
   00201    0.3555 -525306.0487  0.2552 
   00202    0.3546 -525283.7427  0.2560 
   00203    0.3551 -525266.0873  0.2563 
   00204    0.3554 -525578.8929  0.2559 
   00205    0.3551 -525767.5650  0.2558 
   00206    0.3555 -525808.4112  0.2558 
   00207    0.3561 -525763.6786  0.2557 
   00208    0.3551 -525642.1442  0.2559 
   00209    0.3559 -525525.3772  0.2557 
   00210    0.3568 -525356.5222  0.2551 
   00211    0.3553 -525583.1836  0.2548 
   00212    0.3558 -525272.7770  0.2552 
   00213    0.3557 -525284.8940  0.2560 
   00214    0.3553 -525663.9131  0.2559 
   00215    0.3557 -525629.5909  0.2555 
   00216    0.3550 -525339.9766  0.2549 
   00217    0.3562 -525307.4854  0.2537 
   00218    0.3557 -525470.3902  0.2537 
   00219    0.3554 -525632.9349  0.2542 
   00220    0.3561 -525932.3124  0.2541 
   00221    0.3565 -526317.0404  0.2541 
   00222    0.3557 -526400.0021  0.2538 
   00223    0.3560 -526255.2872  0.2535 
   00224    0.3548 -526229.1158  0.2528 
   00225    0.3550 -525717.0414  0.2523 
   00226    0.3546 -525210.4212  0.2512 
   00227    0.3554 -525090.4951  0.2508 
   00228    0.3555 -525279.7633  0.2508 
   00229    0.3559 -525495.7684  0.2508 
   00230    0.3563 -525982.6159  0.2516 
   00231    0.3579 -526616.8880  0.2512 
   00232    0.3555 -526228.6857  0.2509 
   00233    0.3562 -526063.2113  0.2508 
   00234    0.3564 -526185.7066  0.2504 
   00235    0.3562 -526396.8738  0.2511 
   00236    0.3548 -526580.9893  0.2518 
   00237    0.3549 -526607.2861  0.2517 
   00238    0.3553 -526422.6271  0.2510 
   00239    0.3554 -525867.7272  0.2516 
   00240    0.3548 -526317.5882  0.2516 
   00241    0.3554 -526606.3695  0.2519 
   00242    0.3553 -526108.2256  0.2517 
   00243    0.3551 -525726.2953  0.2514 
   00244    0.3548 -525490.5205  0.2509 
   00245    0.3547 -525538.2247  0.2506 
   00246    0.3559 -525639.5406  0.2510 
   00247    0.3554 -525758.8865  0.2508 
   00248    0.3555 -525999.9266  0.2516 
   00249    0.3559 -526202.2732  0.2523 
   00250    0.3543 -526024.4503  0.2527 
   00251    0.3546 -526080.7462  0.2533 
   00252    0.3549 -525914.8785  0.2544 
   00253    0.3547 -525938.3616  0.2546 
   00254    0.3538 -525604.5164  0.2540 
   00255    0.3540 -525492.5126  0.2534 
   00256    0.3543 -525760.6923  0.2530 
   00257    0.3539 -525947.6352  0.2534 
   00258    0.3530 -525730.1268  0.2527 
   00259    0.3533 -525530.4548  0.2517 
   00260    0.3554 -525733.0151  0.2505 
   00261    0.3550 -526003.8157  0.2504 
   00262    0.3541 -526373.8854  0.2506 
   00263    0.3536 -526316.6369  0.2504 
   00264    0.3529 -526303.6742  0.2507 
   00265    0.3540 -526445.7347  0.2517 
   00266    0.3543 -526201.7548  0.2533 
   00267    0.3549 -526060.5991  0.2537 
   00268    0.3547 -525930.8746  0.2550 
   00269    0.3569 -525592.5707  0.2551 
   00270    0.3562 -524808.7004  0.2547 
   00271    0.3565 -525093.2946  0.2544 
   00272    0.3569 -524983.7510  0.2541 
   00273    0.3575 -525152.4680  0.2535 
   00274    0.3580 -525593.6769  0.2539 
   00275    0.3576 -526040.8624  0.2537 
   00276    0.3573 -526141.2666  0.2539 
   00277    0.3572 -526243.5558  0.2542 
   00278    0.3566 -526684.9973  0.2543 
   00279    0.3571 -526705.7937  0.2544 
   00280    0.3566 -526807.9339  0.2545 
   00281    0.3557 -526905.9142  0.2539 
   00282    0.3550 -526642.4700  0.2547 
   00283    0.3544 -526630.1152  0.2556 
   00284    0.3548 -526769.7102  0.2560 
   00285    0.3547 -526518.9199  0.2561 
   00286    0.3547 -526294.5881  0.2562 
   00287    0.3537 -526444.9607  0.2554 
   00288    0.3544 -526426.7359  0.2550 
   00289    0.3538 -526884.1733  0.2543 
   00290    0.3536 -527126.7281  0.2544 
   00291    0.3532 -526804.0062  0.2546 
   00292    0.3522 -526385.8685  0.2539 
   00293    0.3530 -525830.6427  0.2534 
   00294    0.3538 -525906.7429  0.2527 
   00295    0.3546 -525710.0190  0.2522 
   00296    0.3555 -525977.1736  0.2520 
   00297    0.3559 -525842.7027  0.2521 
   00298    0.3553 -525782.7655  0.2523 
   00299    0.3555 -525943.7034  0.2521 
   00300    0.3556 -526414.8540  0.2528 
   00301    0.3542 -526390.3362  0.2531 
   00302    0.3545 -526250.5145  0.2527 
   00303    0.3542 -526148.1162  0.2521 
   00304    0.3546 -526571.9698  0.2524 
   00305    0.3548 -526470.1280  0.2524 
   00306    0.3549 -526109.0422  0.2521 
   00307    0.3545 -525734.2464  0.2531 
   00308    0.3553 -525185.7637  0.2532 
   00309    0.3551 -525146.0072  0.2537 
   00310    0.3551 -525341.0552  0.2540 
   00311    0.3551 -525153.1946  0.2539 
   00312    0.3564 -524976.8863  0.2536 
   00313    0.3562 -525269.0455  0.2533 
   00314    0.3562 -525576.4199  0.2532 
   00315    0.3558 -526351.7561  0.2521 
   00316    0.3548 -527271.0520  0.2522 
   00317    0.3546 -527410.1386  0.2523 
   00318    0.3538 -527429.3038  0.2514 
   00319    0.3529 -527397.4691  0.2509 
   00320    0.3527 -526993.9887  0.2510 
   00321    0.3540 -526610.6788  0.2515 
   00322    0.3541 -526407.6404  0.2514 
   00323    0.3552 -525975.1973  0.2512 
   00324    0.3554 -525779.7689  0.2512 
   00325    0.3552 -525779.6392  0.2513 
   00326    0.3548 -525724.5705  0.2515 
   00327    0.3563 -525660.7806  0.2512 
   00328    0.3561 -525672.4754  0.2504 
   00329    0.3567 -525605.9861  0.2507 
   00330    0.3560 -526387.0789  0.2506 
   00331    0.3560 -526502.8925  0.2508 
   00332    0.3544 -526067.0012  0.2506 
   00333    0.3540 -526167.7960  0.2507 
   00334    0.3547 -526358.1203  0.2504 
   00335    0.3553 -526416.3987  0.2503 
   00336    0.3543 -526517.2885  0.2514 
   00337    0.3548 -526123.2316  0.2521 
   00338    0.3556 -526197.6659  0.2526 
   00339    0.3548 -526431.7863  0.2531 
   00340    0.3551 -526771.1697  0.2532 
   00341    0.3563 -526445.0598  0.2526 
   00342    0.3553 -526183.3355  0.2520 
   00343    0.3552 -526171.1742  0.2518 
   00344    0.3560 -525674.3951  0.2521 
   00345    0.3560 -525577.5678  0.2526 
   00346    0.3558 -525673.2542  0.2527 
   00347    0.3560 -525697.1387  0.2537 
   00348    0.3556 -525837.7381  0.2540 
   00349    0.3546 -526085.2866  0.2538 
   00350    0.3544 -525653.6226  0.2536 
   00351    0.3533 -525306.3933  0.2536 
   00352    0.3533 -525327.7317  0.2529 
   00353    0.3553 -525358.2641  0.2528 
   00354    0.3561 -524854.6276  0.2529 
   00355    0.3569 -524508.1966  0.2533 
   00356    0.3576 -524808.3780  0.2535 
   00357    0.3569 -525223.1834  0.2534 
   00358    0.3563 -525732.8232  0.2541 
   00359    0.3556 -525638.1270  0.2548 
   00360    0.3548 -525769.5716  0.2546 
   00361    0.3542 -525977.8974  0.2548 
   00362    0.3545 -526176.5606  0.2545 
   00363    0.3551 -526558.0599  0.2549 
   00364    0.3558 -526410.9218  0.2547 
   00365    0.3567 -526338.5360  0.2552 
   00366    0.3567 -526378.1073  0.2554 
   00367    0.3557 -526134.3921  0.2546 
   00368    0.3548 -525657.5706  0.2542 
   00369    0.3563 -525518.9163  0.2542 
   00370    0.3559 -525981.6187  0.2542 
   00371    0.3564 -526209.6784  0.2545 
   00372    0.3559 -526424.6405  0.2547 
   00373    0.3548 -526289.9407  0.2544 
   00374    0.3556 -526502.0382  0.2536 
   00375    0.3543 -526543.1010  0.2538 
   00376    0.3537 -525651.9815  0.2535 
   00377    0.3552 -525366.8827  0.2532 
   00378    0.3555 -525514.4570  0.2531 
   00379    0.3562 -525589.9471  0.2538 
   00380    0.3541 -525510.1069  0.2547 
   00381    0.3530 -525251.7719  0.2550 
   00382    0.3535 -524856.6486  0.2549 
   00383    0.3557 -525039.8817  0.2552 
   00384    0.3559 -525370.2587  0.2550 
   00385    0.3570 -525318.1933  0.2550 
   00386    0.3561 -525469.8642  0.2549 
   00387    0.3559 -525290.4597  0.2548 
   00388    0.3564 -525475.2112  0.2546 
   00389    0.3556 -525405.1426  0.2555 
   00390    0.3563 -525363.3364  0.2551 
   00391    0.3573 -525203.3532  0.2547 
   00392    0.3573 -526017.0732  0.2547 
   00393    0.3578 -526182.0787  0.2533 
   00394    0.3569 -526569.2602  0.2518 
   00395    0.3558 -526725.2473  0.2513 
   00396    0.3557 -526549.7253  0.2510 
   00397    0.3555 -526669.7358  0.2516 
   00398    0.3554 -526490.1161  0.2515 
   00399    0.3553 -526302.2238  0.2509 
   00400    0.3549 -526053.2660  0.2505 
   00401    0.3560 -525668.7608  0.2506 
   00402    0.3574 -525640.7146  0.2505 
   00403    0.3580 -525183.4006  0.2502 
   00404    0.3577 -525601.2900  0.2504 
   00405    0.3588 -526287.7351  0.2500 
   00406    0.3577 -526838.1436  0.2505 
   00407    0.3574 -526691.2771  0.2507 
   00408    0.3569 -526283.9856  0.2509 
   00409    0.3557 -526236.5126  0.2508 
   00410    0.3561 -526497.8532  0.2508 
   00411    0.3564 -526797.1350  0.2506 
   00412    0.3551 -526984.2429  0.2514 
   00413    0.3549 -527288.8024  0.2516 
   00414    0.3550 -527101.8623  0.2519 
   00415    0.3545 -527174.8806  0.2510 
   00416    0.3546 -527088.4392  0.2506 
   00417    0.3553 -527070.3943  0.2507 
   00418    0.3550 -526892.8527  0.2513 
   00419    0.3553 -526568.9848  0.2521 
   00420    0.3553 -526769.5905  0.2536 
   00421    0.3553 -526429.9278  0.2545 
   00422    0.3545 -526568.7992  0.2551 
   00423    0.3542 -526322.0186  0.2551 
   00424    0.3539 -525896.1530  0.2542 
   00425    0.3541 -525752.0124  0.2543 
   00426    0.3538 -525726.5332  0.2536 
   00427    0.3539 -525449.9580  0.2528 
   00428    0.3553 -525587.6896  0.2520 
   00429    0.3552 -525728.4609  0.2519 
   00430    0.3557 -526130.2525  0.2524 
   00431    0.3553 -526166.1858  0.2523 
   00432    0.3545 -525898.9334  0.2521 
   00433    0.3546 -525876.4740  0.2526 
   00434    0.3548 -525129.0657  0.2534 
   00435    0.3554 -524565.3268  0.2533 
   00436    0.3558 -524555.6303  0.2531 
   00437    0.3551 -524747.2164  0.2527 
   00438    0.3571 -524698.7605  0.2529 
   00439    0.3568 -525219.4313  0.2525 
   00440    0.3560 -525460.9288  0.2525 
   00441    0.3567 -525961.7017  0.2524 
   00442    0.3562 -526300.6485  0.2525 
   00443    0.3564 -526339.5250  0.2519 
   00444    0.3556 -526377.4410  0.2520 
   00445    0.3555 -526507.5404  0.2519 
   00446    0.3563 -526274.1087  0.2511 
   00447    0.3551 -526027.0157  0.2507 
   00448    0.3555 -525480.6188  0.2507 
   00449    0.3556 -525636.0348  0.2505 
   00450    0.3569 -526370.3867  0.2513 
   00451    0.3568 -526814.7455  0.2527 
   00452    0.3554 -526798.9328  0.2536 
   00453    0.3553 -526099.4059  0.2533 
   00454    0.3547 -525648.6269  0.2529 
   00455    0.3552 -525780.2133  0.2524 
   00456    0.3557 -525858.7707  0.2523 
   00457    0.3560 -525563.1423  0.2521 
   00458    0.3560 -525137.0628  0.2525 
   00459    0.3572 -525194.0620  0.2529 
   00460    0.3568 -525428.7622  0.2529 
   00461    0.3569 -525708.3825  0.2521 
   00462    0.3563 -525688.8742  0.2520 
   00463    0.3563 -525755.1947  0.2520 
   00464    0.3557 -525868.1810  0.2527 
   00465    0.3549 -525576.8797  0.2531 
   00466    0.3544 -525393.0305  0.2527 
   00467    0.3544 -525708.9935  0.2519 
   00468    0.3531 -525238.2793  0.2523 
   00469    0.3544 -524864.7433  0.2531 
   00470    0.3548 -525244.6482  0.2529 
   00471    0.3550 -525670.6102  0.2529 
   00472    0.3558 -525331.5263  0.2529 
   00473    0.3558 -525435.9559  0.2531 
   00474    0.3563 -525357.2581  0.2538 
   00475    0.3556 -525156.9062  0.2541 
   00476    0.3548 -525226.3755  0.2547 
   00477    0.3548 -525479.8325  0.2553 
   00478    0.3541 -525653.7976  0.2553 
   00479    0.3550 -525133.0102  0.2554 
   00480    0.3555 -525203.8211  0.2561 
   00481    0.3551 -525774.7898  0.2562 
   00482    0.3545 -525992.7230  0.2558 
   00483    0.3540 -526261.1809  0.2555 
   00484    0.3545 -526435.3233  0.2571 
   00485    0.3544 -526686.2884  0.2575 
   00486    0.3546 -526214.3173  0.2574 
   00487    0.3527 -525909.8856  0.2566 
   00488    0.3538 -525265.2655  0.2561 
   00489    0.3542 -524828.0238  0.2560 
   00490    0.3543 -525105.6353  0.2558 
   00491    0.3552 -525454.5008  0.2553 
   00492    0.3557 -525400.7536  0.2545 
   00493    0.3577 -525063.2148  0.2542 
   00494    0.3567 -525503.9843  0.2539 
   00495    0.3559 -525537.0273  0.2546 
   00496    0.3553 -525606.8503  0.2548 
   00497    0.3548 -525712.7971  0.2542 
   00498    0.3541 -525480.4316  0.2545 
   00499    0.3546 -525385.3762  0.2556 
   00500    0.3553 -525176.0793  0.2557 
