#=====================================================
# File created:        Sat-01-Nov-2025-at-08-46-31AM
# Size of lattice:     500x500
# Number of MC steps:  50
# Reduced temperature: 0.500
# Run time (s):        1.427041
#=====================================================
# MC step:  Ratio:     Energy:   Order:
#=====================================================
   00000    0.5000 -125130.8865  0.2510
   00001    0.6236 -236308.6150  0.2521
   00002    0.5802 -265984.7157  0.2511
   00003    0.5505 -288211.2762  0.2519
   00004    0.5272 -305771.2824  0.2522
   00005    0.5122 -319789.5116  0.2525
   00006    0.4988 -330946.5977  0.2530
   00007    0.4900 -339930.6837  0.2541
   00008    0.4807 -347826.7536  0.2541
   00009    0.4718 -354079.4037  0.2539
   00010    0.4690 -359701.9201  0.2535
   00011    0.4634 -364486.8738  0.2535
   00012    0.4596 -368792.9620  0.2542
   00013    0.4560 -372384.8305  0.2545
   00014    0.4520 -375596.9233  0.2559
   00015    0.4497 -378523.6995  0.2562
   00016    0.4480 -381143.7025  0.2566
   00017    0.4444 -383540.1411  0.2566
   00018    0.4425 -385707.1950  0.2580
   00019    0.4414 -387467.7472  0.2582
   00020    0.4404 -389202.3411  0.2589
   00021    0.4394 -390544.0796  0.2588
   00022    0.4383 -391828.2822  0.2597
   00023    0.4372 -393162.6599  0.2600
   00024    0.4354 -394610.0244  0.2601
   00025    0.4341 -395747.1796  0.2601
   00026    0.4361 -396777.9845  0.2602
   00027    0.4331 -397468.9890  0.2612
   00028    0.4330 -398364.8186  0.2612
   00029    0.4316 -399385.3266  0.2615
   00030    0.4302 -400219.0099  0.2612
   00031    0.4310 -400827.3697  0.2613
   00032    0.4301 -401341.0920  0.2610
   00033    0.4302 -401950.9812  0.2605
   00034    0.4291 -402519.7067  0.2601
   00035    0.4303 -403357.1029  0.2601
   00036    0.4289 -404197.6246  0.2594
   00037    0.4265 -404804.2841  0.2594
   00038    0.4268 -404940.5592  0.2606
   00039    0.4278 -405250.3463  0.2600
   00040    0.4267 -405987.9658  0.2602
   00041    0.4251 -406475.4570  0.2613
   00042    0.4245 -406976.1218  0.2611
   00043    0.4263 -407298.7987  0.2611
   00044    0.4244 -407732.5267  0.2608
   00045    0.4243 -408058.0206  0.2611
   00046    0.4236 -408282.5159  0.2603
   00047    0.4255 -408355.7653  0.2600
   00048    0.4239 -408813.9843  0.2595
   00049    0.4228 -409100.3477  0.2599
   00050    0.4234 -409206.1408  0.2601
