#=====================================================
# File created:        Sat-01-Nov-2025-at-08-45-02AM
# Size of lattice:     250x250
# Number of MC steps:  50
# Reduced temperature: 0.500
# Run time (s):        0.467030
#=====================================================
# MC step:  Ratio:     Energy:   Order:
#=====================================================
   00000    0.5000  -62638.7843  0.2536
   00001    0.6184 -117900.5973  0.2528
   00002    0.5814 -132931.6455  0.2519
   00003    0.5523 -144432.6114  0.2536
   00004    0.5282 -153281.9969  0.2541
   00005    0.5087 -160232.5944  0.2541
   00006    0.4984 -165776.4044  0.2537
   00007    0.4868 -170498.8696  0.2539
   00008    0.4815 -174272.2792  0.2544
   00009    0.4720 -177659.3709  0.2547
   00010    0.4707 -180427.2174  0.2561
   00011    0.4619 -182821.5143  0.2584
   00012    0.4623 -184919.4696  0.2583
   00013    0.4542 -186605.4351  0.2588
   00014    0.4538 -188005.8894  0.2581
   00015    0.4515 -189456.3499  0.2584
   00016    0.4462 -190881.6085  0.2589
   00017    0.4477 -191828.5874  0.2581
   00018    0.4453 -192882.0119  0.2571
   00019    0.4400 -193803.4950  0.2575
   00020    0.4385 -194598.5796  0.2560
   00021    0.4375 -195374.3663  0.2567
   00022    0.4388 -196222.7363  0.2572
   00023    0.4363 -196855.1439  0.2582
   00024    0.4364 -197087.6269  0.2597
   00025    0.4331 -197669.7895  0.2608
   00026    0.4327 -198226.8545  0.2599
   00027    0.4302 -198807.5445  0.2591
   00028    0.4329 -199204.1343  0.2582
   00029    0.4281 -199810.5171  0.2584
   00030    0.4324 -200337.2119  0.2588
   00031    0.4300 -200433.0847  0.2586
   00032    0.4318 -200788.3767  0.2592
   00033    0.4272 -201538.4469  0.2589
   00034    0.4293 -201624.0860  0.2585
   00035    0.4278 -201811.9509  0.2586
   00036    0.4279 -202125.8539  0.2601
   00037    0.4265 -202510.2717  0.2603
   00038    0.4267 -202597.7965  0.2601
   00039    0.4245 -202805.6262  0.2594
   00040    0.4266 -202663.2105  0.2603
   00041    0.4278 -203138.1431  0.2604
   00042    0.4257 -203393.7551  0.2625
   00043    0.4229 -203388.5095  0.2633
   00044    0.4254 -203516.6413  0.2623
   00045    0.4257 -203742.9340  0.2631
   00046    0.4236 -204096.3707  0.2621
   00047    0.4270 -204112.0576  0.2626
   00048    0.4265 -204230.3110  0.2615
   00049    0.4233 -204545.0951  0.2617
   00050    0.4251 -204836.3011  0.2611
