#=====================================================
# File created:        Sat-01-Nov-2025-at-08-42-08AM
# Size of lattice:     500x500
# Number of MC steps:  50
# Reduced temperature: 0.500
# Run time (s):        108.841250
#=====================================================
# MC step:  Ratio:     Energy:   Order:
#=====================================================
   00000    0.5000 -249612.0557  0.2510
   00001    0.6798 -371374.6960  0.2514
   00002    0.6218 -451476.6578  0.2516
   00003    0.5848 -507685.8784  0.2525
   00004    0.5562 -550148.6954  0.2535
   00005    0.5383 -583960.3859  0.2540
   00006    0.5222 -611753.1719  0.2552
   00007    0.5091 -635001.6251  0.2554
   00008    0.4976 -654472.2579  0.2555
   00009    0.4892 -671650.9032  0.2562
   00010    0.4841 -686135.9205  0.2559
   00011    0.4762 -698460.4491  0.2549
   00012    0.4717 -708702.7417  0.2546
   00013    0.4691 -718411.2944  0.2550
   00014    0.4636 -726472.2344  0.2549
   00015    0.4608 -733599.4389  0.2551
   00016    0.4574 -739656.3852  0.2552
   00017    0.4557 -745697.7016  0.2551
   00018    0.4515 -750799.6419  0.2549
   00019    0.4509 -755851.9373  0.2549
   00020    0.4477 -760077.0747  0.2544
   00021    0.4466 -764102.1270  0.2542
   00022    0.4432 -767862.1852  0.2551
   00023    0.4442 -771101.0173  0.2553
   00024    0.4411 -774114.4119  0.2558
   00025    0.4405 -776694.7290  0.2559
   00026    0.4392 -779565.0554  0.2561
   00027    0.4376 -781799.8006  0.2566
   00028    0.4381 -783979.4827  0.2567
   00029    0.4365 -786468.9958  0.2559
   00030    0.4349 -788566.6027  0.2557
   00031    0.4344 -790359.3545  0.2562
   00032    0.4350 -792062.6124  0.2566
   00033    0.4319 -793711.3243  0.2571
   00034    0.4343 -795763.1459  0.2571
   00035    0.4316 -797000.3720  0.2568
   00036    0.4314 -798045.7202  0.2572
   00037    0.4316 -799492.9438  0.2570
   00038    0.4280 -801171.6676  0.2561
   00039    0.4307 -802191.7868  0.2567
   00040    0.4290 -803138.5449  0.2565
   00041    0.4277 -804039.5515  0.2569
   00042    0.4293 -804679.6653  0.2569
   00043    0.4282 -805616.8514  0.2563
   00044    0.4290 -807235.3368  0.2562
   00045    0.4289 -808319.6546  0.2566
   00046    0.4257 -809266.4524  0.2572
   00047    0.4274 -809892.5244  0.2571
   00048    0.4272 -810485.4195  0.2570
   00049    0.4262 -810835.1294  0.2577
   00050    0.4267 -811642.8628  0.2577
