#=====================================================
# File created:        Sat-01-Nov-2025-at-08-40-00AM
# Size of lattice:     250x250
# Number of MC steps:  50
# Reduced temperature: 0.500
# Run time (s):        25.832443
#=====================================================
# MC step:  Ratio:     Energy:   Order:
#=====================================================
   00000    0.5000  -62327.8115  0.2530
   00001    0.6800  -92809.8452  0.2546
   00002    0.6256 -112239.6600  0.2553
   00003    0.5852 -126657.0734  0.2565
   00004    0.5582 -137097.5651  0.2595
   00005    0.5356 -145706.8566  0.2604
   00006    0.5243 -152774.7612  0.2603
   00007    0.5154 -158575.9555  0.2608
   00008    0.4959 -163807.7455  0.2612
   00009    0.4925 -167934.8248  0.2600
   00010    0.4805 -171408.0665  0.2584
   00011    0.4754 -174336.9240  0.2581
   00012    0.4672 -177098.8007  0.2589
   00013    0.4653 -179293.6180  0.2608
   00014    0.4643 -181620.1993  0.2615
   00015    0.4586 -183452.8649  0.2611
   00016    0.4556 -185338.8943  0.2605
   00017    0.4534 -186839.6462  0.2607
   00018    0.4526 -188249.4128  0.2619
   00019    0.4428 -189266.1849  0.2616
   00020    0.4474 -190404.7454  0.2620
   00021    0.4475 -191384.7889  0.2629
   00022    0.4454 -192155.1325  0.2621
   00023    0.4422 -193059.8454  0.2628
   00024    0.4384 -194046.2640  0.2626
   00025    0.4420 -194583.6318  0.2629
   00026    0.4401 -195397.0129  0.2633
   00027    0.4396 -195953.7100  0.2633
   00028    0.4404 -196101.2468  0.2628
   00029    0.4380 -196462.2563  0.2612
   00030    0.4373 -197155.9324  0.2625
   00031    0.4380 -197465.6961  0.2626
   00032    0.4344 -198349.8458  0.2635
   00033    0.4339 -199080.9832  0.2619
   00034    0.4309 -199357.1986  0.2619
   00035    0.4273 -199840.6337  0.2618
   00036    0.4320 -200089.1150  0.2631
   00037    0.4324 -200435.4365  0.2631
   00038    0.4310 -200561.4943  0.2640
   00039    0.4288 -200895.6829  0.2643
   00040    0.4292 -200933.1180  0.2647
   00041    0.4225 -201153.1180  0.2656
   00042    0.4259 -201213.2696  0.2662
   00043    0.4287 -201472.9669  0.2666
   00044    0.4307 -201598.1332  0.2677
   00045    0.4243 -201866.6633  0.2680
   00046    0.4235 -202123.7127  0.2689
   00047    0.4285 -202534.4850  0.2698
   00048    0.4215 -202602.1045  0.2716
   00049    0.4248 -202969.0324  0.2721
   00050    0.4305 -203303.0250  0.2725
